Node	Total SNPs	Num of SNPs inside recombinations	Num of SNPs outside recombinations	Num of Recombination Blocks	Bases in Recombinations	r/m	rho/theta	Genome Length	Bases in Clonal Frame
14566_4#84	2	0	2	0	222096	0.000000	0.000000	1988471	1798332
23164_8#142	107	97	10	2	265962	9.700000	0.200000	2012010	1777117
22841_3#22	8	0	8	0	255458	0.000000	0.000000	2006415	1778027
16043_2#71	289	263	26	5	224548	10.115385	0.192308	2002882	1807815
23164_8#117	48	22	26	2	292086	0.846154	0.076923	2007611	1737193
15682_2#12	417	396	21	5	189271	18.857143	0.238095	2023456	1912188
14673_2#41	8	0	8	0	472154	0.000000	0.000000	1982313	1529958
21999_7#118	106	67	39	3	171623	1.717949	0.076923	2026137	1883360
22114_6#45	43	5	38	1	45640	0.131579	0.026316	2020912	1986342
21999_8#63	185	149	36	2	270720	4.138889	0.055556	2000772	1749641
15608_3#29	5	0	5	0	35809	0.000000	0.000000	2021909	1988845
15682_1#2	624	598	26	11	499759	23.000000	0.423077	1984668	1584163
11657_4#86	16	13	3	1	317782	4.333333	0.333333	1983536	1702731
14673_2#17	127	94	33	8	283397	2.848485	0.242424	2004832	1760922
21127_2#24	244	216	28	2	234352	7.714286	0.071429	2035478	1819357
12291_1#72	116	91	25	3	171877	3.640000	0.120000	2025557	1879808
13414_2#30	1207	1179	28	12	306112	42.107143	0.428571	1983295	1810243
12291_5#19	20	4	16	1	168860	0.250000	0.062500	2069505	1908265
21999_7#121	82	42	40	1	150570	1.050000	0.025000	2026667	1900447
12291_3#31	424	404	20	10	291198	20.200001	0.500000	2015831	1802163
21127_2#171	206	195	11	2	270246	17.727272	0.181818	1993310	1743672
15608_2#74	29	0	29	0	0	0.000000	0.000000	2018380	2018380
15608_4#62	4	0	4	0	103381	0.000000	0.000000	2013661	1916781
15682_1#71	226	201	25	7	198215	8.040000	0.280000	2017529	1852370
11511_8#92	323	309	14	2	262063	22.071428	0.142857	1994040	1783786
11657_8#58	658	623	35	17	411700	17.799999	0.485714	2035568	1823671
21127_2#119	17	0	17	0	243810	0.000000	0.000000	2006784	1779965
12291_3#4	111	85	26	2	250986	3.269231	0.076923	2017916	1786659
11511_8#61	1	0	1	0	390622	0.000000	0.000000	2005253	1639933
22841_3#113	5	0	5	0	58705	0.000000	0.000000	2024882	1974201
11679_1#57	503	471	32	14	238505	14.718750	0.437500	2008796	1859912
21999_7#128	56	30	26	2	322208	1.153846	0.076923	1936975	1663558
13414_2#23	92	77	15	3	207120	5.133333	0.200000	1995897	1817553
11657_4#49	104	88	16	4	263474	5.500000	0.250000	2040102	1818157
19084_8#37	142	112	30	2	235093	3.733333	0.066667	2021611	1808831
11511_8#26	39	18	21	3	391873	0.857143	0.142857	2038646	1669196
14673_1#38	231	210	21	1	198617	10.000000	0.047619	2019540	1845659
21127_2#137	91	54	37	2	234967	1.459459	0.054054	2016546	1805362
17794_8#153	31	18	13	1	202099	1.384615	0.076923	1964769	1794147
22114_6#59	202	187	15	3	270368	12.466666	0.200000	2005224	1781107
21242_2#137	299	275	24	5	279092	11.458333	0.208333	2004709	1757423
21127_2#102	632	606	26	13	323498	23.307692	0.500000	2013890	1759729
19084_7#55	1385	1344	41	18	328025	32.780487	0.439024	2002747	1841045
11679_1#73	15	6	9	1	245508	0.666667	0.111111	2006308	1788561
22841_4#117	5	0	5	0	434344	0.000000	0.000000	1984214	1581485
13414_8#61	0	0	0	0	198734	0.000000	0.000000	2031822	1846931
22841_4#24	165	98	67	6	397829	1.462687	0.089552	1971337	1611637
22841_2#186	44	24	20	2	246396	1.200000	0.100000	2012979	1786804
11657_8#39	1	0	1	0	232908	0.000000	0.000000	2028158	1812089
15608_3#15	133	98	35	4	241378	2.800000	0.114286	2005374	1800879
11893_8#2	19	6	13	1	174079	0.461538	0.076923	2027134	1868660
13091_6#2	17	12	5	1	251196	2.400000	0.200000	2052979	1817353
15608_4#42	11	0	11	0	231676	0.000000	0.000000	2005586	1797626
22027_1#32	210	176	34	7	83412	5.176471	0.205882	2021834	1973131
23164_8#105	59	39	20	2	246368	1.950000	0.100000	2014831	1788345
22667_7#168	135	112	23	3	67995	4.869565	0.130435	2030204	1977916
22841_3#5	22	6	16	1	247398	0.375000	0.062500	2011703	1787384
11679_1#45	22	0	22	0	204430	0.000000	0.000000	1992030	1812594
21127_2#181	29	6	23	1	422046	0.260870	0.043478	2005058	1608780
14723_6#74	5	0	5	0	332253	0.000000	0.000000	2000829	1688940
12291_4#6	443	414	29	5	231987	14.275862	0.172414	2007500	1818369
22841_3#121	43	23	20	2	263397	1.150000	0.100000	2013201	1778382
22841_2#136	8	0	8	0	289338	0.000000	0.000000	2002090	1733212
15682_1#4	254	239	15	2	228193	15.933333	0.133333	1986352	1790915
11679_1#75	663	637	26	12	316431	24.500000	0.461538	2008634	1798800
21127_2#42	90	49	41	2	260418	1.195122	0.048780	2010823	1764390
13091_6#52	114	102	12	4	268715	8.500000	0.333333	2047107	1830950
11826_1#64	46	35	11	2	195777	3.181818	0.181818	2001348	1824832
13414_2#33	13	0	13	0	403230	0.000000	0.000000	1976180	1598986
11826_1#62	85	70	15	3	222675	4.666667	0.200000	2014371	1808073
11657_8#51	2	0	2	0	243685	0.000000	0.000000	1999663	1769615
14673_4#2	19	0	19	0	390622	0.000000	0.000000	2004808	1640755
19084_7#171	160	138	22	3	259400	6.272727	0.136364	2016427	1785960
22667_8#61	9	0	9	0	446424	0.000000	0.000000	1999144	1578213
24775_1#105	1509	1447	62	23	491883	23.338709	0.370968	1950244	1756171
12291_6#92	1406	1375	31	21	385500	44.354839	0.677419	1973577	1766193
12290_2#9	425	378	47	5	239520	8.042553	0.106383	1995589	1807128
21127_2#105	35	0	35	0	254559	0.000000	0.000000	2002049	1770358
15608_3#42	85	52	33	2	238435	1.575758	0.060606	1990737	1771170
11657_8#53	22	0	22	0	243810	0.000000	0.000000	1999983	1773617
19084_7#82	3	0	3	0	243685	0.000000	0.000000	2005113	1773951
11679_1#12	4	0	4	0	201488	0.000000	0.000000	2017861	1834603
11657_8#52	52	18	34	2	202239	0.529412	0.058824	1993668	1811007
11822_1#80	33	16	17	1	243810	0.941176	0.058824	2009657	1777885
21127_2#85	30	0	30	0	254559	0.000000	0.000000	2002927	1771040
22841_3#165	51	43	8	2	271555	5.375000	0.250000	2010925	1758585
15682_1#28	772	730	42	10	286324	17.380953	0.238095	1997061	1881473
14257_1#29	9	0	9	0	347703	0.000000	0.000000	1992912	1661790
14673_1#25	29	19	10	2	190838	1.900000	0.200000	2026060	1849462
21127_1#59	161	111	50	7	200964	2.220000	0.140000	2025463	1864007
22027_1#79	176	163	13	3	272119	12.538462	0.230769	2023929	1808729
22841_3#81	322	299	23	8	262277	13.000000	0.347826	1976676	1790729
15682_1#51	455	421	34	18	535771	12.382353	0.529412	1985612	1524146
23164_8#81	32	14	18	2	58705	0.777778	0.111111	2029795	1977030
21127_2#95	583	556	27	8	339556	20.592592	0.296296	1998617	1756776
15608_3#25	39	5	34	1	128122	0.147059	0.029412	2023586	1909392
11511_8#64	50	42	8	2	235034	5.250000	0.250000	2029367	1812969
21127_2#187	9	0	9	0	254559	0.000000	0.000000	2003581	1770898
11822_1#85	109	94	15	2	192930	6.266667	0.133333	2043551	1882523
19084_7#89	71	42	29	2	231685	1.448276	0.068966	2017397	1805251
14566_6#42	9	0	9	0	365001	0.000000	0.000000	1984493	1638175
19084_7#145	5	0	5	0	317752	0.000000	0.000000	1990393	1707011
11791_1#7	8	0	8	0	180660	0.000000	0.000000	2025374	1860905
22841_3#146	70	46	24	1	276583	1.916667	0.041667	2016071	1758147
21127_1#35	8	0	8	0	600404	0.000000	0.000000	1981522	1436361
21999_7#150	373	312	61	8	57613	5.114754	0.131148	2021182	2002069
22841_3#57	131	81	50	3	214953	1.620000	0.060000	2009325	1812834
11658_1#11	500	465	35	6	186590	13.285714	0.171429	2007843	1913432
22841_2#145	123	100	23	3	241827	4.347826	0.130435	2011811	1808895
22027_1#33	1	0	1	0	358415	0.000000	0.000000	1988732	1655571
11826_1#46	24	12	12	1	223506	1.000000	0.083333	2023752	1831718
22841_3#77	30	11	19	1	231964	0.578947	0.052632	2015249	1808504
24775_1#119	58	25	33	1	204430	0.757576	0.030303	2004759	1822280
15682_1#82	34	0	34	0	160742	0.000000	0.000000	2017766	1873862
21127_2#122	1051	1017	34	11	369444	29.911764	0.323529	1999147	1793183
15608_3#36	521	495	26	6	187228	19.038462	0.230769	2032912	1916806
11679_1#82	117	96	21	1	234696	4.571429	0.047619	2015974	1802853
21127_2#74	255	224	31	6	262987	7.225806	0.193548	2016346	1808381
19084_7#155	194	168	26	4	241991	6.461538	0.153846	1976735	1787077
20925_3#47	13	0	13	0	434344	0.000000	0.000000	1989337	1584982
22841_3#120	321	294	27	6	241036	10.888889	0.222222	2008775	1805921
14723_6#55	581	548	33	8	207401	16.606060	0.242424	2018965	1856606
22114_6#82	180	158	22	2	247369	7.181818	0.090909	2011101	1808131
22841_4#23	260	223	37	6	204694	6.027027	0.162162	2038285	1869943
19084_8#161	13	0	13	0	174079	0.000000	0.000000	2028098	1870728
22841_3#56	301	286	15	6	276179	19.066668	0.400000	2018753	1790106
11657_4#76	386	369	17	10	278825	21.705883	0.588235	2008653	1799139
11791_1#23	19	0	19	0	162370	0.000000	0.000000	2024895	1878271
21127_2#17	211	178	33	3	244682	5.393939	0.090909	2008332	1795028
21999_7#120	352	329	23	9	298616	14.304348	0.391304	2005833	1762923
11657_8#34	297	272	25	7	268595	10.880000	0.280000	2006237	1798220
17794_8#131	193	172	21	5	207076	8.190476	0.238095	1999614	1812250
15608_3#37	302	275	27	4	215554	10.185185	0.148148	1998210	1810712
11826_1#65	429	398	31	6	258697	12.838710	0.193548	1989204	1811319
22841_1#42	27	5	22	1	240162	0.227273	0.045455	1988258	1783358
21127_1#104	9	0	9	0	486635	0.000000	0.000000	1983771	1531273
21127_1#44	7	0	7	0	600404	0.000000	0.000000	1980442	1435897
21242_2#126	124	91	33	3	235480	2.757576	0.090909	2008627	1812913
15682_2#6	422	383	39	12	459190	9.820513	0.307692	1999187	1588403
11679_1#69	111	93	18	2	235520	5.166667	0.111111	2010501	1800225
15682_1#29	276	247	29	10	498626	8.517241	0.344828	1992238	1530451
14673_2#63	25	9	16	1	200491	0.562500	0.062500	2009661	1818243
22114_6#54	21	7	14	1	57777	0.500000	0.071429	2023479	1973642
21999_7#102	191	158	33	3	239686	4.787879	0.090909	1971417	1786943
14723_6#78	3	0	3	0	332253	0.000000	0.000000	2000910	1689498
22841_3#169	31	17	14	1	257802	1.214286	0.071429	2010467	1776189
19084_8#50	29	6	23	1	231950	0.260870	0.043478	2011660	1803203
21242_2#125	136	121	15	3	259306	8.066667	0.200000	1995804	1763430
21127_2#45	12	0	12	0	259772	0.000000	0.000000	2004937	1762560
21127_2#98	134	113	21	2	236172	5.380952	0.095238	2011496	1807870
15682_1#17	13	0	13	0	218330	0.000000	0.000000	1999990	1798502
21127_1#10	471	432	39	9	468767	11.076923	0.230769	1939941	1543894
22841_3#13	8	0	8	0	58006	0.000000	0.000000	2020503	1972995
21242_2#145	35	10	25	1	232069	0.400000	0.040000	2012870	1804839
21127_1#108	9	0	9	0	486635	0.000000	0.000000	1986714	1533194
11657_4#78	21	0	21	0	161447	0.000000	0.000000	2019633	1874523
15682_1#43	18	10	8	2	245008	1.250000	0.250000	2022408	1790647
15608_5#85	14	5	9	1	218330	0.555556	0.111111	2000744	1798616
14257_1#94	53	51	2	1	365790	25.500000	0.500000	1990802	1644258
22841_3#85	253	246	7	2	261592	35.142857	0.285714	2004007	1803408
22841_3#61	17	0	17	0	358415	0.000000	0.000000	1989678	1655423
13154_3#52	3	0	3	0	399091	0.000000	0.000000	2024644	1645526
15608_5#88	5	0	5	0	302485	0.000000	0.000000	1976296	1705892
22841_3#59	22	0	22	0	226483	0.000000	0.000000	1971234	1786916
11511_7#42	102	83	19	2	163410	4.368421	0.105263	2031692	1892662
13415_7#57	1	0	1	0	222096	0.000000	0.000000	1988652	1798343
19084_8#23	19	0	19	0	243810	0.000000	0.000000	2004762	1778230
21127_2#8	134	89	45	2	428937	1.977778	0.044444	2026147	1621692
18090_1#65	598	550	48	8	228512	11.458333	0.166667	1985222	1805633
13414_3#12	14	0	14	0	403230	0.000000	0.000000	1974510	1596458
17138_4#57	0	0	0	0	198734	0.000000	0.000000	2038267	1852619
21127_2#49	227	210	17	4	278172	12.352942	0.235294	2007450	1759663
22841_4#188	139	107	32	1	298955	3.343750	0.031250	2005681	1736221
17794_8#149	198	160	38	3	233187	4.210526	0.078947	1995634	1798982
11657_4#84	31	0	31	0	231950	0.000000	0.000000	2016655	1804306
14566_6#30	128	99	29	2	160252	3.413793	0.068966	2036339	1902683
21127_1#70	18	0	18	0	486635	0.000000	0.000000	1981660	1529090
12291_3#15	13	0	13	0	352903	0.000000	0.000000	1996434	1663083
19084_7#93	32	14	18	1	243810	0.777778	0.055556	2015328	1783134
15608_4#63	7	0	7	0	103381	0.000000	0.000000	2010539	1913840
19084_7#68	5	0	5	0	382656	0.000000	0.000000	1991891	1639328
21127_2#148	16	0	16	0	259772	0.000000	0.000000	2010732	1768961
12291_3#59	3	0	3	0	243810	0.000000	0.000000	2013037	1780825
15608_2#29	21	6	15	1	202800	0.400000	0.066667	2009151	1817713
21127_1#186	34	0	34	0	227665	0.000000	0.000000	1976173	1790750
15608_2#43	329	312	17	5	261087	18.352942	0.294118	1999883	1808280
15682_2#78	51	40	11	1	218330	3.636364	0.090909	2000824	1799819
22841_3#80	28	14	14	2	246162	1.000000	0.142857	2015945	1797482
22841_2#140	69	52	17	1	240405	3.058824	0.058824	2014906	1801027
21999_7#180	70	28	42	2	300559	0.666667	0.047619	2013871	1738651
17794_8#135	504	479	25	10	277239	19.160000	0.400000	2002420	1799188
21127_2#136	176	156	20	3	237241	7.800000	0.150000	2020113	1802243
21999_7#134	39	7	32	1	423136	0.218750	0.031250	1999165	1605317
15682_1#3	9	0	9	0	243678	0.000000	0.000000	1996923	1769355
12291_4#4	10	0	10	0	250106	0.000000	0.000000	2035115	1799077
22841_4#125	995	933	62	15	282257	15.048388	0.241935	2011694	1849255
11826_1#42	0	0	0	0	305190	0.000000	0.000000	2017567	1739955
15608_4#7	64	54	10	1	47112	5.400000	0.100000	2020529	1987457
14723_6#92	331	309	22	8	345314	14.045455	0.363636	2000243	1692332
13091_6#18	2062	1997	65	36	490541	30.723078	0.553846	2002917	1817347
12291_5#65	237	202	35	5	443717	5.771429	0.142857	2008906	1612722
21127_2#9	177	150	27	2	270095	5.555555	0.074074	1988267	1746581
13154_2#86	3	0	3	0	242002	0.000000	0.000000	2014521	1792927
14673_2#68	468	448	20	2	189536	22.400000	0.100000	1995240	1850457
22841_3#106	5	0	5	0	187138	0.000000	0.000000	2028582	1858911
15682_1#89	183	160	23	4	441340	6.956522	0.173913	1996513	1587498
12291_1#81	73	57	16	2	182375	3.562500	0.125000	2034396	1869880
22841_3#173	161	130	31	3	279991	4.193548	0.096774	2005106	1775854
21127_2#29	537	501	36	18	379395	13.916667	0.500000	2007740	1735695
22027_1#88	3	0	3	0	180660	0.000000	0.000000	2028877	1865284
15608_5#76	927	888	39	12	505656	22.769230	0.307692	1966511	1569259
11657_8#40	2	0	2	0	232908	0.000000	0.000000	2028316	1811995
21127_1#175	15	0	15	0	259772	0.000000	0.000000	2003288	1760511
12291_1#57	194	171	23	5	252964	7.434783	0.217391	1971826	1782470
20925_3#68	1	0	1	0	382656	0.000000	0.000000	1996586	1642686
21127_1#49	516	483	33	11	257040	14.636364	0.333333	2038820	1877140
21999_8#42	18	0	18	0	144588	0.000000	0.000000	2030170	1900608
19084_7#172	97	62	35	2	178391	1.771429	0.057143	2032658	1868299
11822_1#81	179	139	40	3	201975	3.475000	0.075000	2011060	1822838
22841_3#8	251	236	15	6	254028	15.733334	0.400000	2008611	1800202
22841_2#135	373	329	44	5	407189	7.477273	0.113636	1928039	1586857
21127_1#83	10	0	10	0	486635	0.000000	0.000000	1982001	1529040
18090_1#127	137	106	31	3	186075	3.419355	0.096774	2032364	1865984
11657_8#57	80	65	15	5	245543	4.333333	0.333333	2009020	1790949
11657_2#76	126	121	5	3	234608	24.200001	0.600000	2038004	1829508
11511_7#11	159	127	32	10	218558	3.968750	0.312500	2066342	1899828
21127_2#113	1234	1202	32	23	424975	37.562500	0.718750	2009291	1757439
21999_7#152	21	0	21	0	254559	0.000000	0.000000	2007649	1772396
12291_1#2	90	74	16	1	357933	4.625000	0.062500	1997300	1661911
22841_3#26	77	67	10	2	258658	6.700000	0.200000	2009464	1775538
13414_3#5	1829	1791	38	23	420078	47.131580	0.605263	2011442	1810417
14673_1#94	398	382	16	3	237496	23.875000	0.187500	2013886	1850170
11511_7#40	3	0	3	0	180660	0.000000	0.000000	2026726	1862233
21999_7#169	295	280	15	3	270252	18.666666	0.200000	1992578	1744142
21127_2#118	21	0	21	0	228748	0.000000	0.000000	1971790	1773560
17175_7#24	206	160	46	2	155523	3.478261	0.043478	2029159	1899850
22841_3#167	4	0	4	0	247398	0.000000	0.000000	2007671	1785984
21127_2#90	20	5	15	1	257223	0.333333	0.066667	2000383	1768005
21127_1#170	294	275	19	3	284220	14.473684	0.157895	1985234	1737989
15682_1#66	41	24	17	1	302485	1.411765	0.058824	1980377	1708017
21242_2#122	65	28	37	3	228181	0.756757	0.081081	2016968	1810316
11511_8#70	52	32	20	2	215613	1.600000	0.100000	2001099	1803180
11657_1#91	339	328	11	2	203104	29.818182	0.181818	2011392	1856727
11657_1#70	120	104	16	3	161205	6.500000	0.187500	2037891	1920094
15608_5#79	5	0	5	0	218243	0.000000	0.000000	2001372	1799529
22114_6#1	54	47	7	2	257046	6.714286	0.285714	2010660	1785688
11679_1#61	7	0	7	0	243329	0.000000	0.000000	2034266	1803685
14723_6#56	12	0	12	0	231676	0.000000	0.000000	2008295	1800386
11822_1#9	822	789	33	7	288022	23.909090	0.212121	2005355	1809891
22841_3#185	24	8	16	1	276373	0.500000	0.062500	2002724	1747028
22841_2#1	12	0	12	0	446424	0.000000	0.000000	2000144	1578111
23164_8#114	12	0	12	0	48287	0.000000	0.000000	2031484	1989195
11657_8#48	71	59	12	3	272108	4.916667	0.250000	2045729	1824418
11657_4#77	249	221	28	2	232650	7.892857	0.071429	2024711	1809727
22841_2#12	7	0	7	0	446424	0.000000	0.000000	2000786	1578966
15608_4#45	196	137	59	1	106870	2.322034	0.016949	1973916	1882339
22841_3#104	25	16	9	1	255677	1.777778	0.111111	2009023	1776750
20925_3#60	1	0	1	0	382656	0.000000	0.000000	1997190	1643131
22841_3#41	218	213	5	2	268791	42.599998	0.400000	1994975	1778395
19084_8#20	499	463	36	9	265915	12.861111	0.250000	1971159	1782489
11658_1#6	9	0	9	0	257831	0.000000	0.000000	2009041	1765448
15682_1#38	25	11	14	2	545205	0.785714	0.142857	1991504	1492159
22841_1#158	2	0	2	0	289338	0.000000	0.000000	2008402	1737177
21127_2#157	137	102	35	2	335447	2.914286	0.057143	2019123	1720193
22667_8#51	69	43	26	3	49759	1.653846	0.115385	2023546	1987555
23164_8#126	1005	976	29	16	341011	33.655174	0.551724	1999592	1769728
22841_3#184	4	0	4	0	446424	0.000000	0.000000	2000003	1578182
15608_5#83	238	197	41	3	435684	4.804878	0.073171	1987852	1585005
15682_1#49	309	272	37	13	179378	7.351351	0.351351	2021083	1906346
22667_7#185	12	0	12	0	48287	0.000000	0.000000	2032067	1989794
22841_3#60	13	5	8	1	58006	0.625000	0.125000	2024600	1974723
21999_7#154	34	0	34	0	180011	0.000000	0.000000	2028653	1865975
21127_2#131	27	0	27	0	422046	0.000000	0.000000	2005498	1610563
13154_2#56	2	0	2	0	242002	0.000000	0.000000	2008545	1790692
22841_1#127	39	30	9	1	192994	3.333333	0.111111	2038048	1863671
21127_1#166	135	101	34	2	52404	2.970588	0.058824	2041171	2022058
11826_1#73	345	329	16	3	175831	20.562500	0.187500	2012033	1862928
14410_8#44	6	0	6	0	222096	0.000000	0.000000	2030348	1824685
21127_2#96	142	112	30	4	229436	3.733333	0.133333	2030376	1810600
21053_8#134	202	164	38	5	241688	4.315790	0.131579	1994696	1772972
11657_8#36	22	5	17	1	250106	0.294118	0.058824	2011855	1782940
13154_3#29	1903	1879	24	21	435068	78.291664	0.875000	1995380	1803738
21127_2#175	84	50	34	2	228755	1.470588	0.058824	2016528	1800412
13091_6#73	38	29	9	2	162041	3.222222	0.222222	2030078	1882978
11679_1#79	168	138	30	4	239657	4.600000	0.133333	2013476	1801638
17794_8#141	11	0	11	0	202099	0.000000	0.000000	2000975	1816496
21999_7#167	13	0	13	0	422046	0.000000	0.000000	2004985	1608023
11822_1#21	115	67	48	5	208113	1.395833	0.104167	2062000	1896414
14673_4#13	186	146	40	4	397365	3.650000	0.100000	1995595	1634295
16043_2#82	153	136	17	2	337815	8.000000	0.117647	2014981	1744887
17794_8#148	922	885	37	13	344250	23.918919	0.351351	2005882	1805841
19084_8#160	17	5	12	1	472154	0.416667	0.083333	1987787	1534237
22114_6#50	89	68	21	3	238373	3.238095	0.142857	2012211	1806279
14673_1#1	223	160	63	4	207766	2.539683	0.063492	1992807	1814366
14673_4#22	1055	1017	38	12	424148	26.763159	0.315789	1993570	1632496
22841_3#186	532	441	91	6	312931	4.846154	0.065934	2013017	1790469
21999_7#141	500	470	30	7	347583	15.666667	0.233333	1999568	1727792
21127_1#105	867	812	55	9	269287	14.763637	0.163636	1960976	1783231
21127_1#97	20	0	20	0	545205	0.000000	0.000000	1981849	1488113
21242_2#150	386	357	29	13	287600	12.310345	0.448276	1974461	1790378
17794_7#50	885	846	39	22	326724	21.692308	0.564103	1989934	1790629
15608_3#1	8	0	8	0	162370	0.000000	0.000000	2025056	1878769
13414_3#73	508	461	47	9	258305	9.808511	0.191489	1972272	1787630
21127_2#130	493	455	38	3	275755	11.973684	0.078947	2008805	1802510
14723_6#57	2	0	2	0	332253	0.000000	0.000000	2001120	1689651
23164_8#110	43	29	14	2	58006	2.071429	0.142857	2029222	1977244
12291_3#67	300	261	39	6	312016	6.692307	0.153846	2008347	1778137
11822_8#80	30	9	21	1	234546	0.428571	0.047619	2008200	1800108
21242_2#144	68	51	17	4	235239	3.000000	0.235294	2012857	1798643
21127_2#176	31	0	31	0	144588	0.000000	0.000000	2030766	1901245
21127_1#122	11	0	11	0	226857	0.000000	0.000000	1985450	1778644
11657_4#9	0	0	0	0	201488	0.000000	0.000000	2018822	1835452
15608_2#73	38	9	29	1	40233	0.310345	0.034483	1979451	1946791
12291_1#68	395	380	15	6	257919	25.333334	0.400000	1957026	1771698
11511_8#14	1	0	1	0	390622	0.000000	0.000000	1999040	1636792
21127_1#21	554	533	21	7	525702	25.380953	0.333333	1984830	1571205
22841_3#182	21	6	15	1	58072	0.400000	0.066667	2019777	1972062
14555_4#85	21	5	16	1	347703	0.312500	0.062500	1975573	1646235
19084_8#148	12	0	12	0	180011	0.000000	0.000000	2029482	1866457
14723_6#59	8	0	8	0	231676	0.000000	0.000000	1998340	1799294
21127_2#18	621	565	56	12	297063	10.089286	0.214286	2001788	1789637
15682_2#52	1164	1128	36	16	537201	31.333334	0.444444	1981266	1575098
13154_2#45	16	0	16	0	215132	0.000000	0.000000	1999071	1801438
15682_1#55	20	12	8	1	220231	1.500000	0.125000	2000400	1799028
21127_2#63	363	332	31	6	259253	10.709678	0.193548	2024392	1814248
13154_2#59	1340	1311	29	17	424935	45.206898	0.586207	1973931	1773988
13091_6#67	90	77	13	5	262998	5.923077	0.384615	2018336	1804814
19084_7#75	31	0	31	0	243810	0.000000	0.000000	2003880	1777145
21999_8#6	329	276	53	9	267244	5.207547	0.169811	2009262	1802718
13091_6#49	571	557	14	7	308720	39.785713	0.500000	2018585	1804520
21999_7#144	21	0	21	0	259772	0.000000	0.000000	2004531	1761762
21127_2#59	691	652	39	9	250115	16.717949	0.230769	2024193	1813138
11657_4#66	102	93	9	3	245724	10.333333	0.333333	2011085	1780044
22841_1#10	209	183	26	5	207094	7.038462	0.192308	1992118	1842521
21999_8#11	84	54	30	2	249049	1.800000	0.066667	2004378	1778908
22841_4#9	81	51	30	3	198470	1.700000	0.100000	2034851	1867791
22027_1#148	141	130	11	3	283956	11.818182	0.272727	2008551	1744721
21127_2#73	1197	1176	21	13	368644	56.000000	0.619048	1990863	1752639
21127_1#172	18	0	18	0	231298	0.000000	0.000000	2010162	1802798
22667_8#68	73	59	14	4	294844	4.214286	0.285714	2004698	1737377
12291_4#25	5	0	5	0	399091	0.000000	0.000000	1985932	1615483
21127_1#119	11	0	11	0	226857	0.000000	0.000000	1983187	1776070
17794_8#134	125	110	15	2	204452	7.333333	0.133333	1977720	1801521
14673_2#43	38	16	22	2	193916	0.727273	0.090909	2000826	1824579
21999_7#166	237	201	36	8	289158	5.583333	0.222222	2017359	1781246
13414_1#48	1085	992	93	13	296307	10.666667	0.139785	1984487	1840789
11822_1#73	19	5	14	1	161015	0.357143	0.071429	2018134	1871893
21127_2#101	18	0	18	0	226897	0.000000	0.000000	2012030	1808614
11679_1#72	66	38	28	3	244175	1.357143	0.107143	2054470	1823420
23164_8#90	33	27	6	1	48287	4.500000	0.166667	2030802	1988473
22667_8#46	77	65	12	1	279453	5.416667	0.083333	2000786	1745671
21127_2#129	12	0	12	0	259772	0.000000	0.000000	2004477	1762055
21127_2#117	49	24	25	2	279163	0.960000	0.080000	2001375	1745016
21127_2#173	354	298	56	4	378608	5.321429	0.071429	1990856	1699420
15608_3#89	7	0	7	0	35809	0.000000	0.000000	2020832	1987720
11826_1#44	0	0	0	0	305190	0.000000	0.000000	2017412	1739760
12291_3#61	18	8	10	1	243810	0.800000	0.100000	2011835	1779705
15682_1#65	511	478	33	9	473815	14.484848	0.272727	1987546	1579629
11822_1#46	3	0	3	0	472154	0.000000	0.000000	2013001	1557057
15682_2#59	137	94	43	4	139485	2.186047	0.093023	2024126	1909349
21127_2#156	270	233	37	3	276025	6.297297	0.081081	1992660	1743866
11657_4#75	332	318	14	2	261388	22.714285	0.142857	1991993	1766342
21127_1#67	28	0	28	0	486635	0.000000	0.000000	1984767	1531909
22841_3#107	0	0	0	0	187138	0.000000	0.000000	2029135	1859361
11791_1#17	2	0	2	0	174079	0.000000	0.000000	2028249	1869285
19084_8#56	209	154	55	7	365973	2.800000	0.127273	1998347	1665840
15608_5#78	76	66	10	3	438134	6.600000	0.300000	1993653	1587021
13091_5#38	29	16	13	2	161634	1.230769	0.153846	2081357	1929237
22114_6#68	3	0	3	0	180660	0.000000	0.000000	2027375	1864253
20925_3#91	307	266	41	3	253621	6.487805	0.073171	2032675	1870352
17794_7#57	105	82	23	4	436011	3.565217	0.173913	1988912	1587257
13414_1#5	155	112	43	3	176388	2.604651	0.069767	2034920	1889640
22667_8#67	128	114	14	1	243756	8.142858	0.071429	2016204	1801934
21127_2#100	128	94	34	2	263894	2.764706	0.058824	2015665	1763287
17150_6#80	877	841	36	4	298076	23.361111	0.111111	2010413	1847418
22841_3#30	22	5	17	1	255201	0.294118	0.058824	2008469	1777547
21127_2#126	229	197	32	5	329262	6.156250	0.156250	2027455	1727578
19084_8#82	61	30	31	1	231950	0.967742	0.032258	2017845	1806411
19084_7#62	35	0	35	0	222500	0.000000	0.000000	2005602	1806711
22841_3#76	12	6	6	1	58006	1.000000	0.166667	2025207	1974251
21999_8#2	651	600	51	8	336813	11.764706	0.156863	1997524	1772893
22841_3#75	77	47	30	2	252427	1.566667	0.066667	2011615	1785900
21127_2#75	43	15	28	2	229869	0.535714	0.071429	2006260	1794329
22841_2#72	69	54	15	1	450833	3.600000	0.066667	2001635	1579656
11657_8#35	653	636	17	12	340963	37.411766	0.705882	2011131	1802921
15608_2#49	286	273	13	4	225690	21.000000	0.307692	2021285	1858523
22841_3#35	8	0	8	0	48287	0.000000	0.000000	2031869	1989591
21127_2#127	44	7	37	1	231403	0.189189	0.027027	2016781	1805834
14673_3#58	109	87	22	1	217129	3.954545	0.045455	2005594	1799659
21127_2#142	257	237	20	3	272671	11.850000	0.150000	1993335	1745462
21127_2#115	444	423	21	2	258623	20.142857	0.095238	2006550	1792640
15608_2#90	350	309	41	4	144954	7.536585	0.097561	2008084	1908186
19084_7#167	753	705	48	10	324796	14.687500	0.208333	1999867	1792016
N7	188	178	10	11	365001	17.799999	1.100000	1994072	1662751
N8	4	0	4	0	347703	0.000000	0.000000	1994156	1662935
N6	1350	1261	89	11	347703	14.168539	0.123596	1997608	1777722
N5	996	972	24	20	231408	40.500000	0.833333	2033320	1949579
N13	32	24	8	1	174350	3.000000	0.125000	2076557	1914418
N12	353	239	114	13	168786	2.096491	0.114035	2085200	1988998
N21	13	10	3	1	200491	3.333333	0.333333	2011803	1819994
N22	408	400	8	9	257831	50.000000	1.125000	2020851	1827846
N20	0	0	0	0	200491	0.000000	0.000000	2024212	1830994
N19	0	0	0	0	200491	0.000000	0.000000	2024641	1831417
N18	22	17	5	1	200491	3.400000	0.200000	2037263	1843718
N26	6	0	6	0	472154	0.000000	0.000000	2021206	1563702
N25	2405	2357	48	30	472154	49.104168	0.625000	2021960	1813649
N27	0	0	0	0	217129	0.000000	0.000000	2017241	1810011
N24	0	0	0	0	217129	0.000000	0.000000	2039852	1831171
N23	392	361	31	4	217129	11.645162	0.129032	2053701	1858465
N17	53	49	4	1	200491	12.250000	0.250000	2063116	1870589
N29	1	0	1	0	197271	0.000000	0.000000	2015573	1826762
N28	0	0	0	0	197271	0.000000	0.000000	2016626	1827704
N16	700	652	48	9	197271	13.583333	0.187500	2063353	1965384
N30	94	35	59	2	103381	0.593220	0.033898	2015169	1920224
N15	15	7	8	1	101336	0.875000	0.125000	2064087	1966743
N33	1560	1470	90	11	403230	16.333334	0.122222	1982056	1838895
N37	33	12	21	1	204430	0.571429	0.047619	2013812	1830308
N36	0	0	0	0	204430	0.000000	0.000000	2014592	1830997
N35	358	313	45	4	204430	6.955555	0.088889	2017110	1872068
N34	37	25	12	1	163376	2.083333	0.083333	2023341	1877054
N32	196	192	4	6	163376	48.000000	1.500000	2026835	1923541
N31	41	34	7	1	109116	4.857143	0.142857	2040235	1943717
N14	9	4	5	1	100692	0.800000	0.200000	2067949	1970519
N11	10	0	10	0	100692	0.000000	0.000000	2101066	2003576
N40	39	7	32	1	305190	0.218750	0.031250	2020870	1742501
N39	1327	1239	88	29	305190	14.079545	0.329545	2034520	1938595
N38	3	0	3	0	100692	0.000000	0.000000	2037647	1941712
N10	14	10	4	1	100692	2.500000	0.250000	2101435	2003942
N9	184	153	31	4	100692	4.935484	0.129032	2101642	2016578
N4	251	175	76	7	88242	2.302632	0.092105	2105163	2067965
N3	20	11	9	1	40233	1.222222	0.111111	2105184	2067995
N42	616	582	34	15	172786	17.117647	0.441176	2022387	1986748
N49	4	0	4	0	446424	0.000000	0.000000	2006050	1582966
N51	1	0	1	0	446424	0.000000	0.000000	2004864	1581965
N50	0	0	0	0	446424	0.000000	0.000000	2007170	1583689
N48	9	6	3	1	446424	2.000000	0.333333	2009988	1585882
N47	160	115	45	5	446424	2.555556	0.111111	2010900	1599772
N46	7	0	7	0	432996	0.000000	0.000000	2011623	1600314
N56	18	12	6	2	432996	2.000000	0.333333	2003889	1592381
N55	0	0	0	0	432996	0.000000	0.000000	2006761	1594745
N54	0	0	0	0	432996	0.000000	0.000000	2007861	1595633
N53	10	0	10	0	432996	0.000000	0.000000	2008973	1596635
N59	63	23	40	2	434344	0.575000	0.050000	1992548	1587650
N60	11	9	2	1	437258	4.500000	0.500000	1996251	1588206
N58	66	64	2	2	434344	32.000000	1.000000	2007126	1597493
N57	125	121	4	3	434344	30.250000	0.750000	2008762	1600158
N52	1	0	1	0	432996	0.000000	0.000000	2021988	1607624
N45	22	8	14	1	432996	0.571429	0.071429	2025137	1609864
N66	615	589	26	11	600404	22.653847	0.423077	1985759	1491274
N65	1	0	1	0	545205	0.000000	0.000000	2002495	1499484
N64	502	488	14	9	545205	34.857143	0.642857	2003714	1543999
N70	0	0	0	0	486635	0.000000	0.000000	1989518	1535027
N69	3	0	3	0	486635	0.000000	0.000000	1990979	1535929
N68	3	0	3	0	486635	0.000000	0.000000	1991737	1536446
N67	3	0	3	0	486635	0.000000	0.000000	1992928	1537296
N63	555	508	47	11	486635	10.808511	0.234043	2007393	1598941
N71	318	294	24	7	490147	12.250000	0.291667	1998838	1591197
N62	20	11	9	1	432996	1.222222	0.111111	2014344	1603775
N61	0	0	0	0	432996	0.000000	0.000000	2021453	1606564
N44	279	268	11	5	432996	24.363636	0.454545	2028427	1620600
N43	2642	2552	90	38	424332	28.355556	0.422222	2046512	2009860
N41	0	0	0	0	40224	0.000000	0.000000	2072013	2035301
N2	331	282	49	11	40224	5.755102	0.224490	2108441	2108441
N74	3	0	3	0	35809	0.000000	0.000000	2023054	1989919
N73	94	63	31	3	35809	2.032258	0.096774	2024669	2024669
N72	3	0	3	0	0	0.000000	0.000000	2026275	2026275
N80	4	0	4	0	48287	0.000000	0.000000	2033893	1991426
N81	2	0	2	0	48287	0.000000	0.000000	2033607	1991191
N79	52	38	14	4	48287	2.714286	0.285714	2035827	1996087
N83	12	0	12	0	57777	0.000000	0.000000	2033098	1980680
N86	44	34	10	1	58705	3.400000	0.100000	2033158	1980912
N88	3	0	3	0	58006	0.000000	0.000000	2027333	1976949
N90	0	0	0	0	58006	0.000000	0.000000	2033004	1980535
N89	0	0	0	0	58006	0.000000	0.000000	2033933	1981440
N87	18	5	13	1	58006	0.384615	0.076923	2035544	1983200
N85	28	15	13	2	57822	1.153846	0.153846	2036695	1984349
N84	0	0	0	0	57777	0.000000	0.000000	2037543	1985176
N82	104	100	4	6	57777	25.000000	1.500000	2038856	1998687
N78	0	0	0	0	45299	0.000000	0.000000	2040721	2000534
N77	9	0	9	0	45299	0.000000	0.000000	2040839	2000648
N76	113	83	30	3	45299	2.766667	0.100000	2040947	2037982
N92	118	110	8	1	19109	13.750000	0.125000	2045350	2042385
N101	111	106	5	3	170701	21.200001	0.600000	2046540	1894755
N102	45	29	16	3	161015	1.812500	0.187500	2032505	1884922
N100	0	0	0	0	160742	0.000000	0.000000	2050694	1897695
N99	10	0	10	0	160742	0.000000	0.000000	2055871	1902559
N107	254	223	31	9	234876	7.193548	0.290323	2048285	1898656
N106	42	27	15	1	161634	1.800000	0.066667	2094822	1941502
N110	5	0	5	0	161447	0.000000	0.000000	2040372	1889510
N109	13	0	13	0	161447	0.000000	0.000000	2041482	1890234
N118	4	0	4	0	332253	0.000000	0.000000	2003354	1691049
N117	77	66	11	3	332253	6.000000	0.272727	2004503	1695160
N116	1178	1133	45	16	329051	25.177778	0.355556	2005955	1806757
N115	63	58	5	2	216311	11.600000	0.400000	2025569	1828054
N114	42	41	1	1	209228	41.000000	1.000000	2028119	1848812
N120	0	0	0	0	190838	0.000000	0.000000	2027674	1850721
N121	214	201	13	3	201488	15.461538	0.230769	2020818	1847274
N119	13	11	2	1	190838	5.500000	0.500000	2030237	1852884
N113	0	0	0	0	190838	0.000000	0.000000	2042208	1862265
N112	277	252	25	6	190838	10.080000	0.240000	2044430	1889707
N111	13	11	2	1	165565	5.500000	0.500000	2045153	1894476
N108	25	15	10	1	161447	1.500000	0.100000	2049105	1896975
N105	0	0	0	0	160742	0.000000	0.000000	2097845	1943590
N104	16	0	16	0	160742	0.000000	0.000000	2098309	1943906
N124	6	0	6	0	177450	0.000000	0.000000	2046313	1878829
N123	87	80	7	3	177450	11.428572	0.428571	2050984	1898807
N129	2	0	2	0	174079	0.000000	0.000000	2033198	1873917
N128	161	155	6	1	174079	25.833334	0.166667	2033875	1886141
N127	2	0	2	0	162370	0.000000	0.000000	2035735	1887982
N136	161	144	17	2	390622	8.470589	0.117647	2007804	1641615
N135	8	0	8	0	390622	0.000000	0.000000	2017490	1648606
N137	119	100	19	7	399091	5.263158	0.368421	2027705	1656108
N134	1	0	1	0	390622	0.000000	0.000000	2039336	1664751
N133	1	0	1	0	390622	0.000000	0.000000	2040043	1665351
N132	0	0	0	0	390622	0.000000	0.000000	2044657	1668919
N131	2752	2663	89	33	390622	29.921349	0.370787	2060357	1907700
N130	5	0	5	0	162370	0.000000	0.000000	2077020	1924339
N126	14	7	7	1	162370	1.000000	0.142857	2080846	1929636
N125	3	0	3	0	160742	0.000000	0.000000	2080977	1929766
N122	8	0	8	0	160742	0.000000	0.000000	2085276	1932023
N103	16	13	3	2	160742	4.333333	0.666667	2105897	1950665
N98	65	31	34	2	160742	0.911765	0.058824	2108974	1961027
N97	0	0	0	0	151420	0.000000	0.000000	2108986	1961039
N143	89	79	10	1	215132	7.900000	0.100000	2003625	1818194
N145	0	0	0	0	202099	0.000000	0.000000	2010424	1821414
N148	2	0	2	0	202099	0.000000	0.000000	1980960	1803626
N147	18	0	18	0	202099	0.000000	0.000000	2013151	1824065
N146	4	0	4	0	202099	0.000000	0.000000	2017957	1827873
N144	0	0	0	0	202099	0.000000	0.000000	2022325	1830803
N142	2	0	2	0	202099	0.000000	0.000000	2023551	1831736
N141	187	177	10	2	202099	17.700001	0.200000	2026554	1835420
N140	66	52	14	2	199824	3.714286	0.142857	2034085	1845234
N139	15	12	3	1	197472	4.000000	0.333333	2034671	1851494
N150	506	463	43	8	198734	10.767442	0.186047	2040073	1860337
N156	92	61	31	3	226857	1.967742	0.096774	1988381	1781861
N155	0	0	0	0	225133	0.000000	0.000000	2008113	1796404
N157	171	141	30	8	243678	4.700000	0.266667	2026576	1813041
N154	296	284	12	4	225133	23.666666	0.333333	2042327	1851522
N162	5	0	5	0	218243	0.000000	0.000000	2003020	1800894
N161	12	0	12	0	218243	0.000000	0.000000	2005160	1802366
N164	0	0	0	0	218330	0.000000	0.000000	2004149	1801177
N163	36	19	17	2	218330	1.117647	0.117647	2005129	1802072
N160	215	198	17	2	218243	11.647058	0.117647	2007549	1822351
N159	0	0	0	0	199817	0.000000	0.000000	2017298	1827997
N165	299	292	7	1	236280	41.714287	0.142857	2005030	1817596
N158	4	0	4	0	199817	0.000000	0.000000	2024845	1834378
N153	47	29	18	2	199817	1.611111	0.111111	2053050	1868330
N152	9	7	2	1	192188	3.500000	0.500000	2054009	1869275
N168	489	473	16	4	322138	29.562500	0.250000	1994781	1764803
N177	0	0	0	0	270246	0.000000	0.000000	2001426	1750785
N176	45	38	7	3	270246	5.428571	0.428571	2004231	1752542
N175	23	18	5	2	270246	3.600000	0.400000	2005045	1753125
N174	5	0	5	0	270246	0.000000	0.000000	2005688	1753683
N173	0	0	0	0	270246	0.000000	0.000000	2012141	1758563
N172	230	223	7	3	270246	31.857143	0.428571	2027729	1797079
N171	0	0	0	0	243327	0.000000	0.000000	2041234	1804070
N170	33	25	8	3	243327	3.125000	0.375000	2086492	1848904
N181	97	66	31	2	243685	2.129032	0.064516	2009988	1778366
N180	13	0	13	0	243329	0.000000	0.000000	2048741	1815621
N179	2	0	2	0	243329	0.000000	0.000000	2049699	1816484
N187	3	0	3	0	352903	0.000000	0.000000	2004874	1670323
N186	824	805	19	15	352903	42.368420	0.789474	2009839	1780040
N190	16	10	6	1	243810	1.666667	0.166667	2015732	1782895
N189	3	0	3	0	243810	0.000000	0.000000	2016848	1783813
N188	1	0	1	0	243810	0.000000	0.000000	2020359	1786548
N185	4	0	4	0	243810	0.000000	0.000000	2028480	1793769
N193	4	0	4	0	243810	0.000000	0.000000	2020060	1787329
N192	3	0	3	0	243810	0.000000	0.000000	2021251	1788240
N191	4	0	4	0	243810	0.000000	0.000000	2021895	1788808
N184	0	0	0	0	243810	0.000000	0.000000	2030421	1795614
N183	22	0	22	0	243810	0.000000	0.000000	2030609	1795783
N194	5	0	5	0	243810	0.000000	0.000000	2020101	1787043
N182	43	39	4	2	243810	9.750000	0.500000	2030814	1796232
N178	27	23	4	1	243329	5.750000	0.250000	2055159	1820279
N169	7	5	2	1	243320	2.500000	0.500000	2092257	1854127
N167	224	196	28	9	243320	7.000000	0.321429	2092431	1904851
N196	2017	1987	30	14	302485	66.233330	0.466667	1985966	1814463
N198	11	5	6	1	193126	0.833333	0.166667	2004170	1827651
N205	4	0	4	0	259772	0.000000	0.000000	2014822	1772003
N204	2	0	2	0	259772	0.000000	0.000000	2022147	1778734
N203	2	0	2	0	259772	0.000000	0.000000	2023698	1780051
N208	6	0	6	0	259772	0.000000	0.000000	2013216	1770119
N209	6	0	6	0	259772	0.000000	0.000000	2006374	1763193
N207	2	0	2	0	259772	0.000000	0.000000	2014981	1771535
N210	3	0	3	0	259772	0.000000	0.000000	2013498	1766686
N206	1	0	1	0	259772	0.000000	0.000000	2021531	1774460
N202	72	64	8	1	259772	8.000000	0.125000	2031298	1783895
N212	0	0	0	0	263894	0.000000	0.000000	2010318	1761975
N211	10	8	2	1	263894	4.000000	0.500000	2023873	1775105
N201	188	186	2	3	259756	93.000000	1.500000	2041016	1821992
N200	11	0	11	0	228748	0.000000	0.000000	2041798	1822771
N216	0	0	0	0	228748	0.000000	0.000000	2016585	1801563
N215	0	0	0	0	228748	0.000000	0.000000	2026358	1807874
N214	0	0	0	0	228748	0.000000	0.000000	2027297	1808711
N221	534	519	15	8	279163	34.599998	0.533333	2022557	1810869
N220	9	0	9	0	228748	0.000000	0.000000	2039303	1822002
N219	0	0	0	0	228748	0.000000	0.000000	2055719	1834295
N218	0	0	0	0	228748	0.000000	0.000000	2058452	1835821
N217	7	0	7	0	228748	0.000000	0.000000	2058639	1835985
N213	2	0	2	0	228748	0.000000	0.000000	2062044	1839089
N199	295	240	55	10	228748	4.363636	0.181818	2076859	1889637
N197	0	0	0	0	192765	0.000000	0.000000	2077798	1890495
N195	1	0	1	0	192765	0.000000	0.000000	2079180	1891865
N166	46	24	22	3	192765	1.090909	0.136364	2099352	1911579
N151	69	48	21	3	192188	2.285714	0.142857	2101842	1913099
N149	19	17	2	1	192188	8.500000	0.500000	2114843	1926790
N138	507	487	20	6	191492	24.350000	0.300000	2115319	1967292
N96	51	31	20	3	151420	1.550000	0.150000	2121419	1978261
N225	2	0	2	0	144588	0.000000	0.000000	2031961	1902013
N224	15	0	15	0	144588	0.000000	0.000000	2032856	1902848
N226	1	0	1	0	144588	0.000000	0.000000	2044303	1910040
N223	11	0	11	0	144588	0.000000	0.000000	2046237	1911760
N228	86	82	4	2	227334	20.500000	0.500000	2014896	1816483
N233	17	12	5	1	219478	2.400000	0.200000	2021847	1817929
N232	9	0	9	0	219478	0.000000	0.000000	2022470	1818463
N234	2	0	2	0	219478	0.000000	0.000000	2013969	1816367
N231	1	0	1	0	219478	0.000000	0.000000	2031120	1826813
N238	195	192	3	5	321853	64.000000	1.666667	2034409	1753932
N244	1	0	1	0	422046	0.000000	0.000000	2008050	1610747
N243	0	0	0	0	422046	0.000000	0.000000	2030014	1625171
N242	0	0	0	0	422046	0.000000	0.000000	2030452	1625566
N241	899	891	8	4	422046	111.375000	0.500000	2031190	1751005
N245	0	0	0	0	295846	0.000000	0.000000	2017136	1741113
N240	9	0	9	0	295846	0.000000	0.000000	2036748	1755517
N239	0	0	0	0	295846	0.000000	0.000000	2037532	1756236
N237	572	528	44	8	295846	12.000000	0.181818	2042687	1828936
N251	5	0	5	0	226897	0.000000	0.000000	2018819	1811818
N250	0	0	0	0	226897	0.000000	0.000000	2019483	1812457
N249	1	0	1	0	226897	0.000000	0.000000	2019815	1812753
N257	1	0	1	0	231298	0.000000	0.000000	2019069	1807281
N259	0	0	0	0	231298	0.000000	0.000000	2019583	1807661
N258	1	0	1	0	231298	0.000000	0.000000	2020782	1808522
N256	13	0	13	0	231298	0.000000	0.000000	2022065	1809433
N255	1	0	1	0	231298	0.000000	0.000000	2041998	1823843
N254	34	21	13	1	231298	1.615385	0.076923	2042558	1827835
N253	0	0	0	0	227665	0.000000	0.000000	2042641	1827918
N260	7	0	7	0	227665	0.000000	0.000000	2038601	1824959
N252	46	37	9	3	227665	4.111111	0.333333	2047683	1832036
N248	0	0	0	0	226897	0.000000	0.000000	2048365	1832604
N247	0	0	0	0	226897	0.000000	0.000000	2049521	1833744
N261	10	0	10	0	226897	0.000000	0.000000	2019684	1811823
N246	0	0	0	0	226897	0.000000	0.000000	2049883	1834095
N236	70	59	11	2	226897	5.363636	0.181818	2052130	1843302
N270	8	0	8	0	248498	0.000000	0.000000	2015004	1788075
N272	48	25	23	4	255458	1.086957	0.173913	2013289	1787367
N271	0	0	0	0	248498	0.000000	0.000000	2016309	1789127
N269	0	0	0	0	248498	0.000000	0.000000	2018184	1790334
N268	159	155	4	3	248498	38.750000	0.750000	2034309	1809560
N273	1	0	1	0	238932	0.000000	0.000000	2031330	1812015
N267	102	97	5	2	238932	19.400000	0.400000	2051852	1837806
N275	37	25	12	1	233846	2.083333	0.083333	2018828	1810309
N274	4	0	4	0	227191	0.000000	0.000000	2019975	1811143
N266	3	0	3	0	227191	0.000000	0.000000	2052389	1838220
N265	7	5	2	1	227191	2.500000	0.500000	2052553	1839063
N278	6	0	6	0	226483	0.000000	0.000000	2020196	1812278
N277	3	0	3	0	226483	0.000000	0.000000	2022141	1814069
N276	1	0	1	0	226483	0.000000	0.000000	2022713	1814571
N264	0	0	0	0	226483	0.000000	0.000000	2053683	1840144
N263	10	0	10	0	226483	0.000000	0.000000	2053772	1840214
N284	5	0	5	0	231676	0.000000	0.000000	2009110	1800881
N283	38	10	28	1	231676	0.357143	0.035714	2010013	1801571
N290	11	0	11	0	231676	0.000000	0.000000	2019522	1808603
N289	5	0	5	0	231676	0.000000	0.000000	2020100	1809161
N288	8	0	8	0	231676	0.000000	0.000000	2022770	1810030
N295	663	639	24	7	317752	26.625000	0.291667	1994438	1790202
N298	8	0	8	0	231950	0.000000	0.000000	2025088	1810886
N297	0	0	0	0	231950	0.000000	0.000000	2042790	1824496
N296	0	0	0	0	231950	0.000000	0.000000	2043707	1825200
N294	13	5	8	1	231950	0.625000	0.125000	2045810	1826678
N302	26	20	6	2	242101	3.333333	0.333333	2054750	1839536
N307	25	24	1	1	232993	24.000000	1.000000	2026904	1812169
N306	0	0	0	0	231950	0.000000	0.000000	2033295	1817335
N305	1	0	1	0	231950	0.000000	0.000000	2037487	1819347
N304	0	0	0	0	231950	0.000000	0.000000	2060235	1839500
N303	7	0	7	0	231950	0.000000	0.000000	2060448	1839626
N301	9	5	4	1	231950	1.250000	0.250000	2073634	1851033
N310	69	43	26	1	242002	1.653846	0.038462	2016769	1804678
N313	59	56	3	1	245509	18.666666	0.333333	2011484	1797773
N312	7	0	7	0	231950	0.000000	0.000000	2022528	1808514
N317	0	0	0	0	231950	0.000000	0.000000	2015078	1806045
N316	5	0	5	0	231950	0.000000	0.000000	2026716	1812496
N322	1	0	1	0	250106	0.000000	0.000000	2064957	1826836
N321	0	0	0	0	250106	0.000000	0.000000	2065966	1827686
N320	0	0	0	0	250106	0.000000	0.000000	2070786	1831555
N319	144	121	23	4	250106	5.260870	0.173913	2074104	1852468
N318	1	0	1	0	231950	0.000000	0.000000	2076301	1853682
N315	0	0	0	0	231950	0.000000	0.000000	2080221	1857562
N323	9	0	9	0	231950	0.000000	0.000000	2020489	1806506
N314	1	0	1	0	231950	0.000000	0.000000	2080332	1857627
N311	1	0	1	0	231950	0.000000	0.000000	2081106	1858380
N309	0	0	0	0	231950	0.000000	0.000000	2081304	1858508
N308	45	30	15	1	231950	2.000000	0.066667	2085539	1862538
N300	20	0	20	0	231950	0.000000	0.000000	2088799	1864820
N299	0	0	0	0	231950	0.000000	0.000000	2088939	1864909
N293	47	36	11	2	231950	3.272727	0.181818	2103796	1876978
N292	0	0	0	0	231676	0.000000	0.000000	2103846	1877027
N291	4	0	4	0	231676	0.000000	0.000000	2103956	1877134
N287	2	0	2	0	231676	0.000000	0.000000	2104142	1877208
N286	2	0	2	0	231676	0.000000	0.000000	2104296	1877360
N324	175	156	19	2	232908	8.210526	0.105263	2029922	1814499
N285	5	0	5	0	231676	0.000000	0.000000	2105175	1877549
N282	1	0	1	0	231676	0.000000	0.000000	2105194	1877568
N281	45	35	10	3	231676	3.500000	0.300000	2105277	1882844
N327	615	588	27	17	358415	21.777779	0.629630	1993655	1759525
N331	3	0	3	0	254620	0.000000	0.000000	2014296	1780959
N338	13	11	2	1	289338	5.500000	0.500000	2011150	1740277
N337	0	0	0	0	289338	0.000000	0.000000	2015038	1742559
N339	115	92	23	6	289338	4.000000	0.260870	2013785	1742330
N336	196	193	3	2	289338	64.333336	0.666667	2018257	1752191
N335	224	217	7	2	282381	31.000000	0.285714	2022344	1767386
N342	0	0	0	0	276373	0.000000	0.000000	2006153	1749850
N341	67	51	16	2	276373	3.187500	0.125000	2019913	1766667
N340	2	0	2	0	271165	0.000000	0.000000	2021457	1767322
N334	240	228	12	5	271165	19.000000	0.416667	2027486	1788834
N343	2	0	2	0	254620	0.000000	0.000000	2014278	1778762
N333	1	0	1	0	254620	0.000000	0.000000	2029702	1790979
N332	0	0	0	0	254620	0.000000	0.000000	2030387	1791655
N330	1	0	1	0	254620	0.000000	0.000000	2031208	1792432
N329	2	0	2	0	254620	0.000000	0.000000	2031483	1792575
N328	0	0	0	0	254620	0.000000	0.000000	2031625	1792687
N326	131	116	15	4	254620	7.733333	0.266667	2032292	1814070
N345	4	0	4	0	246368	0.000000	0.000000	2015872	1788976
N344	39	30	9	3	246368	3.333333	0.333333	2019527	1803900
N325	232	224	8	2	233769	28.000000	0.250000	2032955	1821818
N280	15	0	15	0	226483	0.000000	0.000000	2108980	1886057
N347	139	125	14	6	247398	8.928572	0.428571	2012947	1809117
N348	62	61	1	3	231097	61.000000	3.000000	2013645	1810366
N346	1	0	1	0	226483	0.000000	0.000000	2015675	1811438
N279	2	0	2	0	226483	0.000000	0.000000	2109035	1886088
N262	98	77	21	1	226483	3.666667	0.047619	2109554	1893538
N235	23	19	4	2	219478	4.750000	0.500000	2111894	1895595
N230	21	0	21	0	219478	0.000000	0.000000	2112439	1895806
N352	5	0	5	0	254559	0.000000	0.000000	2005106	1772826
N351	5	0	5	0	254559	0.000000	0.000000	2007527	1774644
N353	3	0	3	0	254559	0.000000	0.000000	2012997	1776317
N350	0	0	0	0	254559	0.000000	0.000000	2015227	1778300
N354	3	0	3	0	254559	0.000000	0.000000	2021579	1784821
N349	767	748	19	10	254559	39.368420	0.526316	2029581	1824219
N229	13	8	5	1	219478	1.600000	0.200000	2112996	1896437
N227	733	661	72	12	219124	9.180555	0.166667	2113016	1970804
N222	0	0	0	0	144588	0.000000	0.000000	2125383	1983160
N95	96	54	42	2	144588	1.285714	0.047619	2129936	2003364
N94	0	0	0	0	126906	0.000000	0.000000	2129937	2003365
N357	472	464	8	11	209689	58.000000	1.375000	2016662	1900764
N360	4	0	4	0	126927	0.000000	0.000000	2040823	1923447
N359	12	0	12	0	126927	0.000000	0.000000	2041326	1923877
N362	1477	1400	77	24	390139	18.181818	0.311688	1982526	1867400
N364	2	0	2	0	126927	0.000000	0.000000	2031173	1915078
N370	8	0	8	0	382656	0.000000	0.000000	2000110	1644902
N369	1595	1565	30	16	382656	52.166668	0.533333	2002251	1802022
N368	683	675	8	7	222500	84.375000	0.875000	2017655	1854464
N374	8	0	8	0	180011	0.000000	0.000000	2039646	1875666
N373	4	0	4	0	180011	0.000000	0.000000	2041899	1877704
N372	0	0	0	0	180011	0.000000	0.000000	2054642	1890406
N371	1	0	1	0	180011	0.000000	0.000000	2062060	1894393
N367	13	0	13	0	180011	0.000000	0.000000	2063075	1895158
N366	0	0	0	0	180011	0.000000	0.000000	2063208	1895276
N379	1	0	1	0	180660	0.000000	0.000000	2035807	1870393
N382	0	0	0	0	180660	0.000000	0.000000	2043683	1874227
N383	23	0	23	0	180660	0.000000	0.000000	2029937	1866200
N381	5	0	5	0	180660	0.000000	0.000000	2044768	1875028
N380	0	0	0	0	180660	0.000000	0.000000	2046252	1876256
N378	0	0	0	0	180660	0.000000	0.000000	2049998	1879596
N385	2	0	2	0	187138	0.000000	0.000000	2030616	1860436
N384	66	40	26	1	187138	1.538462	0.038462	2041998	1872485
N377	1	0	1	0	180660	0.000000	0.000000	2050960	1880013
N376	20	4	16	1	180660	0.250000	0.062500	2051290	1880978
N388	6	0	6	0	180011	0.000000	0.000000	2033375	1868983
N389	0	0	0	0	180011	0.000000	0.000000	2030701	1867724
N387	1	0	1	0	180011	0.000000	0.000000	2035948	1871329
N391	11	0	11	0	222096	0.000000	0.000000	1989934	1799380
N390	411	392	19	3	222096	20.631578	0.157895	2032185	1867628
N386	3	0	3	0	180011	0.000000	0.000000	2060057	1887038
N375	5	0	5	0	180011	0.000000	0.000000	2066193	1892526
N365	368	336	32	8	180011	10.500000	0.250000	2086405	1965560
N363	0	0	0	0	126927	0.000000	0.000000	2087082	1966212
N361	5	0	5	0	126927	0.000000	0.000000	2087554	1966673
N358	2	0	2	0	126927	0.000000	0.000000	2088779	1967842
N356	0	0	0	0	126927	0.000000	0.000000	2088925	1967984
N355	17	6	11	1	126927	0.545455	0.090909	2089021	1968100
N93	1045	1028	17	12	126906	60.470589	0.705882	2130543	2127578
N91	5	0	5	0	2962	0.000000	0.000000	2130686	2127721
N75	55	23	32	3	2962	0.718750	0.093750	2130736	2130736
N1	0	0	0	0	0	0.000000	0.000000	2133408	2133408
