Node	Total SNPs	Num of SNPs inside recombinations	Num of SNPs outside recombinations	Num of Recombination Blocks	Bases in Recombinations	r/m	rho/theta	Genome Length	Bases in Clonal Frame
12837_4#5	31	0	31	0	236710	0.000000	0.000000	1992861	1756177
13415_7#80	226	201	25	5	337322	8.040000	0.200000	1983907	1682583
14566_4#3	31	0	31	0	246950	0.000000	0.000000	1983425	1736551
12837_5#64	15	0	15	0	285312	0.000000	0.000000	2000018	1714749
14913_6#30	30	0	30	0	301003	0.000000	0.000000	1998059	1697110
14555_3#4	151	111	40	2	286531	2.775000	0.050000	1979438	1710065
14257_1#2	523	480	43	8	319686	11.162790	0.186047	1992952	1757675
14723_6#6	53	20	33	2	250294	0.606061	0.060606	1983479	1734536
13415_6#96	626	585	41	7	342589	14.268292	0.170732	1985978	1717049
14566_5#55	31	0	31	0	373497	0.000000	0.000000	1977180	1609359
12291_6#65	19	7	12	1	402251	0.583333	0.083333	1962997	1560887
13415_6#92	12	0	12	0	250652	0.000000	0.000000	1993680	1743078
14913_3#54	6	0	6	0	382211	0.000000	0.000000	1977550	1597596
14566_4#76	65	38	27	1	271993	1.407407	0.037037	1999909	1730555
17175_5#21	8	0	8	0	304444	0.000000	0.000000	1991792	1687374
13470_1#1	125	82	43	1	251562	1.906977	0.023256	1992919	1756237
13415_7#94	363	328	35	6	307162	9.371428	0.171429	1978565	1731837
13415_7#78	6	0	6	0	331382	0.000000	0.000000	1980812	1649453
14566_6#36	125	93	32	2	316263	2.906250	0.062500	1997830	1696882
12291_6#24	875	750	125	18	232633	6.000000	0.144000	1968801	1849733
14566_6#10	18	0	18	0	336326	0.000000	0.000000	1975412	1641020
13415_4#22	26	0	26	0	285312	0.000000	0.000000	1999999	1714730
17150_4#47	1	0	1	0	331382	0.000000	0.000000	1967717	1636342
15841_2#85	0	0	0	0	336679	0.000000	0.000000	1979282	1645577
13415_6#19	41	8	33	1	236994	0.242424	0.030303	1994529	1757851
14555_4#72	14	0	14	0	250652	0.000000	0.000000	1982527	1732088
15841_5#66	0	0	0	0	376015	0.000000	0.000000	1979934	1609557
14723_4#73	20	0	20	0	399463	0.000000	0.000000	1976557	1578177
13414_8#74	22	6	16	1	306615	0.375000	0.062500	1978310	1674192
12837_5#54	17	0	17	0	269421	0.000000	0.000000	1999860	1730485
14566_6#14	808	740	68	9	344440	10.882353	0.132353	1990684	1754017
14555_3#61	6	0	6	0	258300	0.000000	0.000000	1991411	1733222
13414_8#20	10	0	10	0	236710	0.000000	0.000000	1993128	1756449
15873_1#19	42	13	29	1	250294	0.448276	0.034483	1983602	1734581
15731_8#1	6	0	6	0	306573	0.000000	0.000000	1978372	1674268
15731_8#32	2	0	2	0	306573	0.000000	0.000000	1978350	1674284
12837_4#46	169	152	17	4	303716	8.941176	0.235294	1999534	1720781
12837_5#44	10	0	10	0	247642	0.000000	0.000000	1984465	1736870
13415_8#56	670	640	30	11	459833	21.333334	0.366667	1965366	1545106
14566_6#55	1286	1223	63	27	388348	19.412699	0.428571	1971332	1725338
14566_6#39	27	0	27	0	306573	0.000000	0.000000	1978438	1674304
12162_1#19	209	157	52	5	386003	3.019231	0.096154	1987421	1625732
14723_4#63	16	0	16	0	247010	0.000000	0.000000	1981092	1734109
13414_8#95	453	436	17	8	298213	25.647058	0.470588	1981052	1733556
15841_2#5	4	0	4	0	336679	0.000000	0.000000	1980123	1645709
15841_4#35	114	69	45	3	245894	1.533333	0.066667	1980170	1744616
14412_2#89	874	846	28	10	378970	30.214285	0.357143	1992689	1724032
13415_8#46	5	0	5	0	331382	0.000000	0.000000	1968363	1637002
12837_1#67	1	0	1	0	271592	0.000000	0.000000	2001006	1729478
12837_3#57	47	7	40	1	235338	0.175000	0.025000	1981536	1746241
12291_6#94	33	0	33	0	285312	0.000000	0.000000	1999379	1714110
15841_5#42	0	0	0	0	376015	0.000000	0.000000	1977348	1606938
12837_4#57	26	0	26	0	247642	0.000000	0.000000	1984399	1736803
13415_6#17	107	70	37	2	244192	1.891892	0.054054	1984224	1750181
14412_2#12	713	680	33	5	328992	20.606060	0.151515	1979276	1733158
14410_8#89	28	0	28	0	246154	0.000000	0.000000	1985553	1739433
15731_8#24	0	0	0	0	306573	0.000000	0.000000	1978479	1674300
14555_3#19	27	0	27	0	269421	0.000000	0.000000	2000422	1731046
14257_1#28	389	365	24	7	314786	15.208333	0.291667	1980526	1733650
12162_1#33	333	303	30	7	316349	10.100000	0.233333	1977330	1698580
14410_8#51	4857	4254	603	76	561665	7.054727	0.126036	1939942	1939942
17175_4#58	0	0	0	0	338972	0.000000	0.000000	1975697	1638750
14566_5#1	735	719	16	6	463407	44.937500	0.375000	1952681	1571321
13414_8#69	11	0	11	0	306822	0.000000	0.000000	1977684	1673420
14410_8#5	31	5	26	1	307131	0.192308	0.038462	1977807	1673816
14566_5#23	28	0	28	0	269421	0.000000	0.000000	2000691	1731403
14893_8#3	25	0	25	0	271592	0.000000	0.000000	2000987	1729471
15731_8#33	1	0	1	0	236850	0.000000	0.000000	1994131	1757306
14555_3#83	663	617	46	10	328363	13.413043	0.217391	1970874	1736709
12837_2#20	11	0	11	0	428535	0.000000	0.000000	1966987	1541592
13415_6#18	7	0	7	0	385717	0.000000	0.000000	1972675	1588005
15841_3#7	44	7	37	1	367626	0.189189	0.027027	1989945	1627961
13414_8#40	1398	1361	37	12	467956	36.783783	0.324324	1966484	1724295
14555_3#7	48	13	35	2	262333	0.371429	0.057143	1987616	1725328
14566_6#34	9	0	9	0	331382	0.000000	0.000000	1968284	1636927
14566_5#85	41	0	41	0	285312	0.000000	0.000000	1999982	1714714
14566_6#74	0	0	0	0	243266	0.000000	0.000000	1980649	1738534
13415_7#60	21	0	21	0	336325	0.000000	0.000000	1976923	1642405
13415_6#10	265	233	32	6	385361	7.281250	0.187500	1975719	1614377
14412_2#32	0	0	0	0	243266	0.000000	0.000000	1980687	1738552
14257_1#58	55	29	26	3	337615	1.115385	0.115385	1985933	1650339
12837_1#66	715	692	23	12	357655	30.086956	0.521739	1988625	1743046
17175_6#26	615	562	53	17	338826	10.603773	0.320755	1981247	1734595
14566_4#65	16	0	16	0	271592	0.000000	0.000000	1991628	1720101
12837_4#64	8	0	8	0	258299	0.000000	0.000000	1991943	1733750
13415_4#45	81	53	28	1	276522	1.892857	0.035714	1988046	1718674
17150_4#85	12	5	7	1	331382	0.714286	0.142857	1968119	1636743
12837_1#4	468	422	46	6	293074	9.173913	0.130435	1992258	1757424
14324_6#52	42	0	42	0	337615	0.000000	0.000000	1977172	1641686
14555_4#30	12	0	12	0	331382	0.000000	0.000000	1963477	1632142
12291_6#17	143	127	16	2	426565	7.937500	0.125000	1957151	1555055
14566_5#92	489	407	82	12	153927	4.963415	0.146341	1959732	1840670
14412_2#55	11	0	11	0	331382	0.000000	0.000000	1968389	1637028
13415_6#41	12	0	12	0	306822	0.000000	0.000000	1977952	1673516
14324_6#56	8	0	8	0	301365	0.000000	0.000000	1996411	1695085
12291_6#73	34	0	34	0	329645	0.000000	0.000000	1995786	1666186
13415_8#92	258	224	34	6	286551	6.588235	0.176471	1992765	1730471
12837_2#30	1365	1320	45	20	422986	29.333334	0.444444	1981567	1734715
13414_8#59	519	493	26	5	321741	18.961538	0.192308	1994603	1749684
14257_1#92	6	0	6	0	382212	0.000000	0.000000	1967436	1587602
17138_4#46	0	0	0	0	338972	0.000000	0.000000	1975763	1638946
14566_4#5	201	162	39	5	278742	4.153846	0.128205	1984513	1716282
17150_4#77	1204	1160	44	16	452186	26.363636	0.363636	1989925	1721852
14566_5#39	11	0	11	0	301365	0.000000	0.000000	1996572	1695247
14566_4#62	20	7	13	1	306675	0.538462	0.076923	1955582	1651405
14566_6#4	24	0	24	0	329645	0.000000	0.000000	1986641	1657042
14410_8#11	24	0	24	0	367626	0.000000	0.000000	1976917	1614943
13415_7#19	281	277	4	1	321055	69.250000	0.250000	1989990	1685591
15731_8#41	0	0	0	0	236850	0.000000	0.000000	1994065	1757250
12837_2#12	40	18	22	1	236710	0.818182	0.045455	1994418	1758015
14913_2#89	23	6	17	1	304444	0.352941	0.058824	1992039	1687635
14566_5#16	361	334	27	10	317532	12.370370	0.370370	1981305	1734420
12837_3#46	9	0	9	0	373497	0.000000	0.000000	1989650	1621820
14723_4#95	5	0	5	0	247010	0.000000	0.000000	1994067	1747082
14412_1#51	28	0	28	0	235581	0.000000	0.000000	1980701	1745192
17175_6#49	1	0	1	0	331382	0.000000	0.000000	1967257	1635882
13415_8#18	30	8	22	2	329645	0.363636	0.090909	1983433	1653841
14566_5#27	23	0	23	0	301365	0.000000	0.000000	1996288	1694965
14913_2#15	356	336	20	6	386185	16.799999	0.300000	1967619	1636262
12837_3#52	45	31	14	1	287456	2.214286	0.071429	1998835	1713566
13470_1#9	7	0	7	0	385717	0.000000	0.000000	1973161	1588439
14555_4#19	7	0	7	0	271521	0.000000	0.000000	1993385	1721933
14257_1#87	36	6	30	1	235338	0.200000	0.033333	1981842	1746534
14723_4#74	12	0	12	0	399463	0.000000	0.000000	1975662	1577437
13414_8#92	654	598	56	12	314460	10.678572	0.214286	1958741	1710425
N2	526	479	47	20	119074	10.191489	0.425532	1973963	1973963
N11	6	0	6	0	269421	0.000000	0.000000	2000914	1731535
N15	4	0	4	0	269421	0.000000	0.000000	2001021	1731645
N14	10	0	10	0	269421	0.000000	0.000000	2001369	1731979
N19	5	0	5	0	329645	0.000000	0.000000	1996242	1666640
N18	416	403	13	3	329645	31.000000	0.230769	1996447	1727070
N22	22	18	4	1	278796	4.500000	0.250000	2000513	1731135
N26	251	240	11	4	301003	21.818182	0.363636	1998411	1713150
N30	22	7	15	1	301365	0.466667	0.066667	1996826	1695498
N29	0	0	0	0	301365	0.000000	0.000000	1997384	1696054
N28	207	202	5	3	301365	40.400002	0.600000	1997449	1712175
N27	0	0	0	0	285312	0.000000	0.000000	2000894	1715620
N25	7	0	7	0	285312	0.000000	0.000000	2000934	1715659
N32	1	0	1	0	285312	0.000000	0.000000	2000792	1715518
N31	1	0	1	0	285312	0.000000	0.000000	2000836	1715561
N24	2	0	2	0	285312	0.000000	0.000000	2001033	1715754
N23	142	138	4	4	285312	34.500000	1.000000	2001039	1731655
N21	6	0	6	0	269421	0.000000	0.000000	2001078	1731694
N20	0	0	0	0	269421	0.000000	0.000000	2001095	1731710
N17	2	0	2	0	269421	0.000000	0.000000	2001124	1731739
N16	0	0	0	0	269421	0.000000	0.000000	2001417	1732031
N13	0	0	0	0	269421	0.000000	0.000000	2001639	1732246
N12	0	0	0	0	269421	0.000000	0.000000	2001644	1732251
N10	0	0	0	0	269421	0.000000	0.000000	2001649	1732256
N33	6	0	6	0	269421	0.000000	0.000000	2001071	1731693
N9	0	0	0	0	269421	0.000000	0.000000	2001654	1732261
N36	4	0	4	0	271592	0.000000	0.000000	2001102	1729574
N35	13	0	13	0	271592	0.000000	0.000000	2001192	1729662
N34	30	28	2	1	271592	14.000000	0.500000	2001234	1731864
N8	0	0	0	0	269421	0.000000	0.000000	2001742	1732349
N37	561	548	13	7	337615	42.153847	0.538462	1986638	1717260
N7	318	281	37	8	269421	7.594594	0.216216	2001751	1766425
N41	74	42	32	1	376015	1.312500	0.031250	1980623	1618561
N42	0	0	0	0	367626	0.000000	0.000000	1977551	1615521
N40	5	0	5	0	367626	0.000000	0.000000	1980992	1618897
N39	28	9	19	2	367626	0.473684	0.105263	1990929	1628825
N44	100	81	19	4	373497	4.263158	0.210526	1990175	1628151
N43	4	0	4	0	367626	0.000000	0.000000	1990589	1628540
N38	712	698	14	5	367626	49.857143	0.357143	1991129	1755815
N6	0	0	0	0	235338	0.000000	0.000000	2001835	1766509
N45	295	253	42	8	258300	6.023809	0.190476	1992403	1757090
N5	0	0	0	0	235338	0.000000	0.000000	2001861	1766535
N4	10	0	10	0	235338	0.000000	0.000000	2001861	1766535
N50	4	0	4	0	246950	0.000000	0.000000	1983949	1737037
N53	4	0	4	0	246950	0.000000	0.000000	1984692	1737778
N56	9	0	9	0	247642	0.000000	0.000000	1984802	1737205
N55	20	18	2	1	247642	9.000000	0.500000	1985104	1738198
N54	1	0	1	0	246950	0.000000	0.000000	1994044	1747137
N52	0	0	0	0	246950	0.000000	0.000000	1994450	1747531
N51	4	0	4	0	246950	0.000000	0.000000	1994747	1747816
N49	303	289	14	3	246950	20.642857	0.214286	1994861	1759524
N59	47	10	37	1	306822	0.270270	0.027027	1978396	1674079
N65	8	0	8	0	306573	0.000000	0.000000	1978864	1674506
N64	14	0	14	0	306573	0.000000	0.000000	1979029	1674594
N63	5	0	5	0	306573	0.000000	0.000000	1979250	1674806
N62	0	0	0	0	306573	0.000000	0.000000	1979369	1674861
N61	0	0	0	0	306573	0.000000	0.000000	1979578	1674976
N60	1	0	1	0	306573	0.000000	0.000000	1979596	1674992
N58	425	400	25	14	306573	16.000000	0.560000	1979800	1733992
N57	165	147	18	6	246049	8.166667	0.333333	1981551	1746235
N48	1	0	1	0	235338	0.000000	0.000000	1995796	1760459
N47	6	0	6	0	235338	0.000000	0.000000	1995806	1760469
N71	875	843	32	14	399463	26.343750	0.437500	1977058	1697947
N74	499	490	9	6	382212	54.444443	0.666667	1978111	1643615
N75	74	41	33	2	336679	1.242424	0.060606	1980926	1646338
N73	35	15	20	1	336664	0.750000	0.050000	1981992	1647598
N78	72	41	31	5	338972	1.322581	0.161290	1976668	1642260
N77	0	0	0	0	336326	0.000000	0.000000	1977963	1643288
N76	4	0	4	0	336326	0.000000	0.000000	1978517	1643814
N72	416	409	7	12	336326	58.428570	1.714286	1982994	1704990
N70	381	364	17	7	279329	21.411764	0.411765	1985070	1749500
N69	15	12	3	1	235581	4.000000	0.333333	1985823	1750241
N68	43	42	1	1	235581	42.000000	1.000000	1985833	1750494
N67	6	0	6	0	235338	0.000000	0.000000	1986672	1751327
N83	349	333	16	5	428535	20.812500	0.312500	1976015	1607421
N85	3	0	3	0	385717	0.000000	0.000000	1973753	1589022
N84	229	171	58	8	385717	2.948276	0.137931	1974287	1603865
N82	862	843	19	16	371354	44.368420	0.842105	1987823	1752509
N81	1	0	1	0	235338	0.000000	0.000000	1995006	1759692
N89	31	27	4	1	248368	6.750000	0.250000	1994368	1749413
N88	0	0	0	0	244989	0.000000	0.000000	1995042	1750055
N87	45	40	5	2	244989	8.000000	0.400000	2000232	1764897
N86	1	0	1	0	235338	0.000000	0.000000	2000319	1764981
N80	0	0	0	0	235338	0.000000	0.000000	2000543	1765202
N91	42	29	13	1	246154	2.230769	0.076923	1985840	1749435
N96	101	97	4	2	262333	24.250000	0.500000	1993828	1751964
N99	511	492	19	8	402251	25.894737	0.421053	1963654	1632290
N103	13	0	13	0	331382	0.000000	0.000000	1967993	1636618
N105	2	0	2	0	331382	0.000000	0.000000	1969186	1637810
N104	5	0	5	0	331382	0.000000	0.000000	1969352	1637976
N102	2	0	2	0	331382	0.000000	0.000000	1969460	1638084
N101	6	0	6	0	331382	0.000000	0.000000	1969497	1638121
N106	20	0	20	0	331382	0.000000	0.000000	1981154	1649791
N100	0	0	0	0	331382	0.000000	0.000000	1981920	1650544
N98	0	0	0	0	331382	0.000000	0.000000	1981992	1650616
N97	502	495	7	7	331382	70.714287	1.000000	1982042	1740162
N95	43	20	23	1	241892	0.869565	0.043478	1995485	1759062
N110	146	139	7	3	250294	19.857143	0.428571	1984205	1742117
N111	19	0	19	0	243266	0.000000	0.000000	1980838	1738698
N109	43	35	8	2	243266	4.375000	0.250000	1986030	1749621
N108	0	0	0	0	236434	0.000000	0.000000	1994921	1758512
N113	44	33	11	1	247010	3.000000	0.090909	1994348	1757521
N114	16	0	16	0	236850	0.000000	0.000000	1994384	1757559
N112	28	11	17	2	236850	0.647059	0.117647	1994813	1758402
N107	3	0	3	0	236434	0.000000	0.000000	1995089	1758678
N94	2	0	2	0	236434	0.000000	0.000000	1995551	1759128
N119	3	0	3	0	304444	0.000000	0.000000	1992975	1688569
N118	622	607	15	8	304444	40.466667	0.533333	1993772	1757087
N117	1	0	1	0	236710	0.000000	0.000000	1995558	1758861
N121	146	120	26	6	250652	4.615385	0.230769	1993914	1757237
N123	2	0	2	0	236710	0.000000	0.000000	1994555	1757869
N122	0	0	0	0	236710	0.000000	0.000000	1994753	1758065
N120	6	0	6	0	236710	0.000000	0.000000	1994973	1758285
N116	14	0	14	0	236710	0.000000	0.000000	1995663	1758966
N115	20	18	2	1	236710	9.000000	0.500000	1995721	1759300
N93	0	0	0	0	236434	0.000000	0.000000	1995904	1759481
N92	3	0	3	0	236434	0.000000	0.000000	1995918	1759495
N90	92	73	19	2	236434	3.842105	0.105263	1995934	1760608
N79	5	0	5	0	235338	0.000000	0.000000	2001287	1765936
N66	8	0	8	0	235338	0.000000	0.000000	2001346	1765987
N46	0	0	0	0	235338	0.000000	0.000000	2001448	1766089
N3	1110	1073	37	25	235338	29.000000	0.675676	2002283	2002283
N1	0	0	0	0	0	0.000000	0.000000	2002352	2002352
