Node	Total SNPs	Num of SNPs inside recombinations	Num of SNPs outside recombinations	Num of Recombination Blocks	Bases in Recombinations	r/m	rho/theta	Genome Length	Bases in Clonal Frame
14410_8#50	133	125	8	1	125821	15.625000	0.125000	2023421	1914183
12378_2#90	167	156	11	6	113296	14.181818	0.545455	2024058	1937505
12162_1#50	597	568	29	11	202359	19.586206	0.379310	2021958	1898186
15531_4#21	1	0	1	0	798713	0.000000	0.000000	1972114	1214872
9789_4#79	0	0	0	0	464612	0.000000	0.000000	2030985	1578465
13470_1#90	19	0	19	0	110621	0.000000	0.000000	1992986	1884576
12837_1#8	25	4	21	1	110641	0.190476	0.047619	1999289	1890626
15841_2#6	0	0	0	0	363714	0.000000	0.000000	1986838	1637837
18456_1#87	97	66	31	3	57390	2.129032	0.096774	2008072	1971794
15841_5#38	103	80	23	1	125031	3.478261	0.043478	2030406	1927043
15841_2#76	0	0	0	0	222662	0.000000	0.000000	1990937	1771602
15995_1#156	2	0	2	0	189658	0.000000	0.000000	1969652	1785778
15841_3#76	0	0	0	0	110621	0.000000	0.000000	1991674	1883328
15841_5#57	46	41	5	2	236165	8.200000	0.400000	1986679	1764224
17175_7#14	161	134	27	3	138937	4.962963	0.111111	2011865	1908105
15874_1#91	22	0	22	0	111647	0.000000	0.000000	1990194	1880807
12837_5#67	1009	985	24	16	290657	41.041668	0.666667	2021211	1898582
15841_1#65	3	0	3	0	150048	0.000000	0.000000	1987199	1839615
17870_7#40	502	363	139	15	290797	2.611511	0.107914	1971794	1763423
9716_7#40	0	0	0	0	464612	0.000000	0.000000	2031793	1579486
14566_4#54	35	14	21	1	135008	0.666667	0.047619	1995234	1862526
15995_1#14	0	0	0	0	110621	0.000000	0.000000	1989777	1881828
14566_6#57	119	91	28	2	127690	3.250000	0.071429	1990212	1881828
15841_4#59	1	0	1	0	363714	0.000000	0.000000	1984671	1636348
13415_6#83	212	181	31	2	179235	5.838710	0.064516	1975563	1838991
12378_2#17	103	90	13	2	63280	6.923077	0.153846	2011615	1975337
17966_5#11	317	295	22	5	576016	13.409091	0.227273	1993542	1465009
17150_5#13	877	859	18	5	249242	47.722221	0.277778	1962341	1791361
15841_4#78	3	0	3	0	156060	0.000000	0.000000	1980894	1829841
15995_1#177	0	0	0	0	189658	0.000000	0.000000	1984377	1798992
13414_8#84	338	319	19	6	131191	16.789474	0.315789	1988903	1880833
15995_1#118	166	147	19	4	211964	7.736842	0.210526	1974103	1798931
12837_4#58	1056	1017	39	14	290556	26.076923	0.358974	2025556	1903228
15841_3#69	0	0	0	0	110621	0.000000	0.000000	1991218	1882916
17138_3#68	6	0	6	0	850657	0.000000	0.000000	2084297	1247075
14936_5#71	1211	1125	86	21	471077	13.081395	0.244186	2004041	1728695
15531_3#85	2	0	2	0	133232	0.000000	0.000000	1982822	1864443
17966_5#52	290	216	74	12	442777	2.918919	0.162162	2023146	1629992
13415_5#18	141	120	21	1	189658	5.714286	0.047619	2025412	1852054
15995_1#98	10	0	10	0	140021	0.000000	0.000000	2020956	1884487
14566_4#15	467	436	31	5	865907	14.064516	0.161290	2073766	1281139
17059_6#90	0	0	0	0	211443	0.000000	0.000000	1990069	1782661
14936_5#73	7	0	7	0	464612	0.000000	0.000000	2033151	1580446
17175_5#8	707	668	39	11	289083	17.128204	0.282051	2022689	1833281
17138_3#38	0	0	0	0	850657	0.000000	0.000000	2085998	1247993
12378_2#65	921	861	60	25	371278	14.350000	0.416667	2015078	1806102
17150_4#51	51	15	36	1	125979	0.416667	0.027778	2021494	1898605
17870_8#22	1388	1327	61	25	486008	21.754099	0.409836	2016998	1747919
15995_1#187	1	0	1	0	156060	0.000000	0.000000	1969080	1819469
17870_8#16	288	275	13	3	126172	21.153847	0.230769	2012413	1929847
13415_4#32	14	0	14	0	116217	0.000000	0.000000	1988635	1874659
15841_1#17	28	0	28	0	201997	0.000000	0.000000	1994247	1795437
14412_2#15	529	501	28	12	191161	17.892857	0.428571	1989091	1860545
13415_8#20	654	624	30	18	241074	20.799999	0.600000	1984615	1876714
14412_2#50	335	308	27	5	139691	11.407408	0.185185	1993256	1884951
14566_5#77	53	26	27	2	124959	0.962963	0.074074	2023140	1900736
17150_5#26	117	86	31	1	211587	2.774194	0.032258	2016745	1811504
13415_5#4	548	528	20	7	219552	26.400000	0.350000	1978744	1862952
15995_1#139	3	0	3	0	141782	0.000000	0.000000	2011531	1874556
12162_1#59	1580	1540	40	24	487248	38.500000	0.600000	1984864	1714929
15841_3#88	231	210	21	2	198200	10.000000	0.095238	1987845	1829289
17175_8#76	493	455	38	7	191225	11.973684	0.184211	1986250	1833211
15995_1#47	269	228	41	9	202743	5.560976	0.219512	1980322	1826869
12378_2#87	0	0	0	0	67995	0.000000	0.000000	1992471	1924469
17059_8#7	332	297	35	4	226533	8.485714	0.114286	1983466	1825669
14566_5#59	17	0	17	0	111647	0.000000	0.000000	1988401	1879183
15841_5#33	19	5	14	1	178839	0.357143	0.071429	1993459	1818263
13470_1#5	334	297	37	6	201230	8.027027	0.162162	2030441	1876018
13415_5#58	1125	1094	31	13	235035	35.290321	0.419355	1990943	1862215
15841_4#28	33	15	18	1	125821	0.833333	0.055556	1992706	1883232
12290_3#65	1	0	1	0	464612	0.000000	0.000000	2027895	1576949
15873_1#3	586	563	23	6	210658	24.478260	0.260870	1990310	1878281
15995_1#5	202	174	28	3	142133	6.214286	0.107143	2012434	1904466
15731_8#13	32	10	22	1	114329	0.454545	0.045455	1992171	1880074
17150_4#27	151	116	35	3	136438	3.314286	0.085714	1986164	1878523
17150_5#91	141	114	27	1	126202	4.222222	0.037037	1985505	1872205
14555_4#77	20	0	20	0	111647	0.000000	0.000000	1973374	1869454
15841_3#87	1519	1487	32	14	409232	46.468750	0.437500	1970836	1824719
15841_2#4	1	0	1	0	222662	0.000000	0.000000	1990317	1771032
17870_7#77	186	157	29	3	125980	5.413793	0.103448	2015967	1926237
14412_1#73	36	8	28	1	128447	0.285714	0.035714	1992691	1881318
15995_2#181	5	0	5	0	286571	0.000000	0.000000	2017788	1737563
15995_1#149	1	0	1	0	141782	0.000000	0.000000	2010490	1873790
17870_7#149	1609	1581	28	25	326942	56.464287	0.892857	1988357	1952678
13415_7#18	31	14	17	1	124821	0.823529	0.058824	1995828	1873700
15995_1#169	0	0	0	0	189658	0.000000	0.000000	1981426	1796448
15841_2#95	546	519	27	4	205346	19.222221	0.148148	2028782	1927034
9789_3#73	0	0	0	0	67995	0.000000	0.000000	1993886	1925881
15873_1#74	80	57	23	3	115996	2.478261	0.130435	1992027	1883747
15995_2#170	0	0	0	0	228901	0.000000	0.000000	1986920	1765821
18456_1#37	1	0	1	0	798713	0.000000	0.000000	1964073	1210255
14723_4#51	786	759	27	15	269350	28.111111	0.555556	1984622	1835020
15995_1#11	3	0	3	0	150048	0.000000	0.000000	1975205	1828271
15841_3#2	6	0	6	0	145299	0.000000	0.000000	1987585	1844601
18456_1#39	422	388	34	9	117745	11.411765	0.264706	1987616	1920133
14566_5#75	1637	1619	18	15	302488	89.944443	0.833333	1985882	1855449
14723_4#19	0	0	0	0	202882	0.000000	0.000000	1992610	1797434
12837_1#88	559	490	69	16	756392	7.101449	0.231884	2082923	1377757
15531_4#20	42	27	15	3	520873	1.800000	0.200000	2011849	1504477
15731_8#11	431	396	35	7	175700	11.314285	0.200000	1986687	1878350
12290_3#52	1	0	1	0	464612	0.000000	0.000000	2031186	1579918
12290_2#67	1	0	1	0	173329	0.000000	0.000000	1986103	1832587
17138_3#93	7	0	7	0	178621	0.000000	0.000000	1986577	1818787
15841_3#32	961	938	23	12	286711	40.782608	0.521739	1979067	1865027
12837_3#43	1238	1189	49	17	491300	24.265306	0.346939	2012342	1617359
17138_3#56	176	139	37	6	141280	3.756757	0.162162	1993376	1883654
18456_1#68	5	0	5	0	798713	0.000000	0.000000	1964598	1210197
12837_5#74	185	160	25	1	125031	6.400000	0.040000	2029686	1921258
15841_2#23	258	230	28	1	210171	8.214286	0.035714	1981455	1831882
15841_4#27	21	0	21	0	209943	0.000000	0.000000	1995384	1788558
15873_1#17	126	116	10	4	116123	11.600000	0.400000	1992600	1890945
15531_2#25	196	175	21	6	493772	8.333333	0.285714	2020068	1579963
14555_4#60	23	0	23	0	116217	0.000000	0.000000	1946690	1834338
13415_4#71	18	0	18	0	117748	0.000000	0.000000	1988989	1875204
14723_4#52	1	0	1	0	202882	0.000000	0.000000	1992110	1797013
15841_1#44	6	0	6	0	140021	0.000000	0.000000	2026289	1889240
17175_4#78	186	162	24	7	171692	6.750000	0.291667	2019307	1881656
15841_3#50	67	35	32	2	114297	1.093750	0.062500	1989891	1881561
17870_7#78	968	927	41	18	217634	22.609756	0.439024	1982397	1960220
17870_7#102	23	8	15	1	86547	0.533333	0.066667	2014729	1928176
15995_1#35	275	252	23	5	166566	10.956522	0.217391	1981398	1871511
15874_1#84	140	117	23	4	167288	5.086957	0.173913	1992362	1860582
17059_7#42	158	137	21	4	120869	6.523809	0.190476	1987352	1879845
12162_1#84	1304	1277	27	18	308351	47.296295	0.666667	1982940	1851399
15378_2#11	0	0	0	0	67995	0.000000	0.000000	1987192	1919190
12291_6#91	83	64	19	3	120977	3.368421	0.157895	1990540	1876660
15995_2#112	10	0	10	0	185939	0.000000	0.000000	1972150	1796518
12162_1#89	26	0	26	0	201997	0.000000	0.000000	1993012	1794345
14913_5#93	43	0	43	0	143551	0.000000	0.000000	1996398	1886014
14257_1#49	704	673	31	5	235006	21.709677	0.161290	2021167	1898580
13415_6#3	48	24	24	2	166301	1.000000	0.083333	1996904	1835002
12837_3#22	372	337	35	7	803489	9.628572	0.200000	2102319	1341780
15841_3#65	37	20	17	1	124873	1.176471	0.058824	1987118	1878772
15841_5#77	255	225	30	3	179811	7.500000	0.100000	2015467	1855272
15995_1#65	183	155	28	1	125031	5.535714	0.035714	2017014	1908999
14555_3#66	16	0	16	0	157316	0.000000	0.000000	1994760	1840730
14936_4#2	119	93	26	2	174904	3.576923	0.076923	1997852	1860485
9789_3#9	18	11	7	1	82561	1.571429	0.142857	2031287	1948718
14410_8#20	25	0	25	0	143551	0.000000	0.000000	1994187	1883985
17870_8#180	121	103	18	2	541407	5.722222	0.111111	1993627	1488780
13414_8#94	33	23	10	2	104176	2.300000	0.200000	1985528	1885452
9789_4#70	2	0	2	0	173329	0.000000	0.000000	1989899	1835889
15873_1#20	152	139	13	3	168015	10.692307	0.230769	2021937	1903480
17150_4#68	439	411	28	5	138095	14.678572	0.178571	2016206	1908423
15841_1#18	980	940	40	21	310612	23.500000	0.525000	1977523	1841449
17175_8#37	2546	2516	30	28	486634	83.866669	0.933333	1953450	1842434
9789_3#37	4	0	4	0	583884	0.000000	0.000000	1973256	1418599
17059_8#29	19	5	14	1	189134	0.357143	0.071429	1967949	1793286
14723_6#44	1054	1008	46	14	248468	21.913044	0.304348	2015754	1907442
9789_4#61	30	20	10	2	583884	2.000000	0.200000	2020016	1460734
14936_5#70	294	265	29	6	733392	9.137931	0.206897	1993507	1298184
17870_7#124	2	0	2	0	464612	0.000000	0.000000	2021444	1572395
17059_6#49	0	0	0	0	211443	0.000000	0.000000	1990567	1783215
17175_5#36	5	0	5	0	185939	0.000000	0.000000	1977218	1801843
14257_1#56	152	114	38	2	291676	3.000000	0.052632	1992714	1729319
17175_5#1	60	24	36	3	105368	0.666667	0.083333	1994740	1895285
15531_4#15	483	459	24	5	614866	19.125000	0.208333	2002441	1470584
14936_5#66	424	398	26	3	135332	15.307693	0.115385	2004415	1946004
13470_1#62	426	395	31	6	146713	12.741936	0.193548	2022968	1900326
12291_6#35	188	153	35	5	175943	4.371428	0.142857	2025478	1886674
17059_6#82	1	0	1	0	211443	0.000000	0.000000	1990023	1782637
15873_1#78	7	0	7	0	308152	0.000000	0.000000	2023758	1720806
15841_2#20	0	0	0	0	222662	0.000000	0.000000	1989730	1770422
9789_2#84	1111	1037	74	30	390325	14.013514	0.405405	1980496	1842388
12162_1#25	30	6	24	1	114329	0.250000	0.041667	1988092	1876149
14566_5#61	1636	1610	26	20	349537	61.923077	0.769231	1999261	1877493
15995_1#73	133	126	7	4	137577	18.000000	0.571429	1982520	1881141
15841_1#36	321	291	30	7	207623	9.700000	0.233333	1989906	1833462
14566_4#74	29	8	21	1	211429	0.380952	0.047619	1991245	1784696
9789_2#90	1548	1504	44	19	308192	34.181820	0.431818	2005073	1970896
17059_6#33	0	0	0	0	211443	0.000000	0.000000	1990681	1783330
14410_8#36	1448	1309	139	22	688651	9.417266	0.158273	2003685	1525942
18456_1#14	2	0	2	0	133232	0.000000	0.000000	1973007	1854852
15995_1#125	1	0	1	0	141782	0.000000	0.000000	2015910	1878840
15378_3#6	1	0	1	0	464612	0.000000	0.000000	2029415	1578047
15995_2#187	0	0	0	0	166263	0.000000	0.000000	1997525	1833875
14913_7#51	38	22	16	2	153992	1.375000	0.125000	1996138	1848343
14723_4#56	452	424	28	10	207541	15.142858	0.357143	1990902	1836424
15841_5#23	3	0	3	0	270325	0.000000	0.000000	1996363	1759284
15841_4#25	79	52	27	2	115944	1.925926	0.074074	1995089	1883057
15841_3#55	8	0	8	0	124803	0.000000	0.000000	2019978	1897450
17150_5#53	280	275	5	2	218868	55.000000	0.400000	1985072	1810035
15841_2#36	0	0	0	0	222662	0.000000	0.000000	1989704	1770331
15995_1#6	0	0	0	0	110621	0.000000	0.000000	1990117	1882119
15841_1#78	555	529	26	17	206079	20.346153	0.653846	1985852	1842515
13415_8#39	854	830	24	14	237100	34.583332	0.583333	1977106	1868642
17870_7#111	418	401	17	9	560980	23.588236	0.529412	1993835	1489165
12837_2#37	325	310	15	6	203147	20.666666	0.400000	1995131	1857828
17870_8#176	700	658	42	17	165154	15.666667	0.404762	1978363	1910909
12837_1#53	86	62	24	2	210101	2.583333	0.083333	2032768	1825672
17059_6#79	889	825	64	11	206909	12.890625	0.171875	1978701	1847887
13415_6#35	636	614	22	6	210831	27.909090	0.272727	2026896	1904218
15841_4#11	0	0	0	0	270325	0.000000	0.000000	1995452	1758426
14723_4#94	19	0	19	0	124324	0.000000	0.000000	2031207	1909176
15995_1#171	2	0	2	0	228901	0.000000	0.000000	1987091	1766094
9789_2#63	3545	3401	144	72	578995	23.618055	0.500000	1973582	1907295
12162_1#66	76	42	34	1	125031	1.235294	0.029412	2025219	1912092
13415_4#44	65	53	12	2	123745	4.416667	0.166667	2024396	1911284
17059_6#12	60	35	25	2	120975	1.400000	0.080000	1982571	1869184
17150_4#32	682	650	32	8	272584	20.312500	0.250000	2020414	1831185
15841_5#87	9	5	4	1	235109	1.250000	0.250000	2024525	1801915
15995_2#113	7	0	7	0	166263	0.000000	0.000000	2000674	1836937
15841_3#15	4	0	4	0	211443	0.000000	0.000000	1989277	1786285
15874_1#93	42	27	15	3	155596	1.800000	0.200000	2027975	1876232
14566_6#3	311	288	23	2	194743	12.521739	0.086957	1986280	1836809
15841_2#47	175	140	35	6	130990	4.000000	0.171429	1991250	1882921
15841_1#41	247	218	29	10	205859	7.517241	0.344828	1987658	1830774
12291_6#71	44	0	44	0	163279	0.000000	0.000000	2026274	1866237
12837_5#22	863	834	29	8	268059	28.758621	0.275862	1997903	1837240
15731_8#72	32	18	14	2	107667	1.285714	0.142857	1993827	1890405
15841_4#68	0	0	0	0	110621	0.000000	0.000000	1992253	1883834
12378_2#43	10	0	10	0	173329	0.000000	0.000000	2011891	1852990
15995_2#159	1091	1028	63	22	343848	16.317461	0.349206	1960474	1808706
12837_3#5	192	171	21	6	735031	8.142858	0.285714	2053359	1359688
17138_3#13	401	360	41	3	136442	8.780488	0.073171	1990013	1887355
15841_2#44	0	0	0	0	222662	0.000000	0.000000	1988453	1769236
17059_7#6	7	0	7	0	185939	0.000000	0.000000	1973932	1798987
13415_4#79	272	258	14	3	220603	18.428572	0.214286	1989778	1831055
15378_3#57	505	457	48	8	118043	9.520833	0.166667	2027156	2004976
15378_2#68	2	0	2	0	583884	0.000000	0.000000	1975509	1421306
17870_7#59	1198	1166	32	22	240158	36.437500	0.687500	1984068	1919436
12837_1#7	527	512	15	3	226861	34.133335	0.200000	1996547	1842069
15874_1#67	32	8	24	1	110621	0.333333	0.041667	1994171	1885881
15378_2#67	157	134	23	7	471108	5.826087	0.304348	1994478	1542893
17150_6#77	2	0	2	0	850657	0.000000	0.000000	2087998	1248600
15874_1#55	168	145	23	3	132106	6.304348	0.130435	2035263	1918796
17059_6#66	0	0	0	0	211443	0.000000	0.000000	1990707	1783279
15874_1#48	1792	1732	60	24	395545	28.866667	0.400000	1977161	1845442
17175_6#35	8	0	8	0	178621	0.000000	0.000000	1984422	1817233
15874_1#75	23	5	18	1	124893	0.277778	0.055556	1993486	1871619
12378_2#78	1	0	1	0	583884	0.000000	0.000000	1981944	1425254
12291_6#80	2159	2008	151	34	733734	13.298014	0.225166	2017410	1552480
17138_4#36	16	0	16	0	185939	0.000000	0.000000	1975956	1800813
15873_1#5	12	0	12	0	124803	0.000000	0.000000	2019003	1896448
9789_3#40	15	9	6	1	583884	1.500000	0.166667	1978056	1421290
9789_2#74	151	104	47	7	300909	2.212766	0.148936	2005801	1729958
18456_1#47	3	0	3	0	133232	0.000000	0.000000	1974195	1856058
13415_5#88	33	24	9	1	272423	2.666667	0.111111	1986623	1723314
15841_1#80	0	0	0	0	286571	0.000000	0.000000	2025909	1744695
15995_1#89	22	0	22	0	105619	0.000000	0.000000	1982809	1880122
15841_5#83	390	380	10	7	330915	38.000000	0.700000	2024681	1721971
15841_1#62	948	902	46	15	264712	19.608696	0.326087	1983754	1843277
N7	4	0	4	0	798713	0.000000	0.000000	1975674	1216882
N6	819	787	32	16	798713	24.593750	0.500000	1976486	1284505
N5	2717	2610	107	46	723984	24.392523	0.429907	1999248	1654680
N14	0	0	0	0	850657	0.000000	0.000000	2089954	1249674
N13	1104	1064	40	16	850657	26.600000	0.400000	2090598	1286151
N12	372	364	8	7	814411	45.500000	0.875000	2093038	1341209
N11	499	475	24	12	761242	19.791666	0.500000	2104105	1409253
N15	150	122	28	7	716342	4.357143	0.250000	2088261	1401866
N10	2280	2170	110	43	695231	19.727272	0.390909	2104178	1609423
N9	179	145	34	9	495002	4.264706	0.264706	2104257	1621361
N8	1119	1043	76	29	483114	13.723684	0.381579	2104306	1740978
N4	368	321	47	10	363503	6.829787	0.212766	2104587	1841424
N19	139	117	22	4	286962	5.318182	0.181818	2012283	1735637
N18	0	0	0	0	286945	0.000000	0.000000	2049733	1772536
N17	239	206	33	6	286945	6.242424	0.181818	2051187	1789367
N26	0	0	0	0	583884	0.000000	0.000000	1982906	1425978
N25	18	14	4	1	583884	3.500000	0.250000	1984894	1426184
N24	0	0	0	0	583884	0.000000	0.000000	1985966	1426830
N23	973	951	22	12	583884	43.227272	0.545455	2023341	1577657
N22	168	117	51	6	465312	2.294118	0.117647	2041142	1592007
N33	3	0	3	0	464612	0.000000	0.000000	2034518	1581960
N32	2	0	2	0	464612	0.000000	0.000000	2038650	1585628
N31	1	0	1	0	464612	0.000000	0.000000	2040001	1586480
N30	0	0	0	0	464612	0.000000	0.000000	2040426	1586838
N29	0	0	0	0	464612	0.000000	0.000000	2040546	1586953
N28	0	0	0	0	464612	0.000000	0.000000	2041512	1587647
N27	338	253	85	9	464612	2.976470	0.105882	2045610	1595950
N21	799	781	18	19	459615	43.388889	1.055556	2050177	1710807
N34	525	503	22	12	417733	22.863636	0.545455	2040942	1708107
N20	823	765	58	16	348455	13.189655	0.275862	2061956	1799180
N16	91	71	20	5	271520	3.550000	0.250000	2065425	1810134
N3	1480	1426	54	15	263283	26.407408	0.277778	2104875	2060016
N37	409	381	28	15	217060	13.607142	0.535714	2023676	1886209
N36	425	370	55	14	144520	6.727273	0.254545	2042513	1975571
N35	143	92	51	7	72715	1.803922	0.137255	2049781	2010589
N2	318	254	64	9	44860	3.968750	0.140625	2104983	2104983
N43	5	0	5	0	173329	0.000000	0.000000	1992017	1837720
N42	759	712	47	11	173329	15.148936	0.234043	2015894	1958751
N41	189	162	27	7	58917	6.000000	0.259259	2024739	2002562
N40	0	0	0	0	22176	0.000000	0.000000	2061441	2039264
N39	8	0	8	0	22176	0.000000	0.000000	2063413	2041233
N46	1	0	1	0	67995	0.000000	0.000000	1996555	1928550
N45	344	309	35	8	67995	8.828571	0.228571	1996831	1974651
N48	14	6	8	1	36275	0.750000	0.125000	2026731	1992557
N53	171	163	8	7	551958	20.375000	0.875000	2015987	1509463
N55	1	0	1	0	520873	0.000000	0.000000	2016491	1508808
N54	103	101	2	4	520873	50.500000	2.000000	2017529	1510538
N52	3370	3320	50	42	519593	66.400002	0.840000	2021091	1938732
N58	44	37	7	1	86547	5.285714	0.142857	2032916	1950350
N57	0	0	0	0	82561	0.000000	0.000000	2033768	1951202
N56	0	0	0	0	82561	0.000000	0.000000	2038777	1956208
N51	245	222	23	6	82561	9.652174	0.260870	2044158	2009981
N63	3	0	3	0	133232	0.000000	0.000000	1986265	1867720
N62	556	527	29	6	133232	18.172413	0.206897	1987381	1897506
N61	199	178	21	5	91526	8.476191	0.238095	2034282	1966629
N65	4	0	4	0	69294	0.000000	0.000000	2025515	1957982
N64	5	0	5	0	69294	0.000000	0.000000	2027616	1960052
N60	219	215	4	5	69294	53.750000	1.250000	2038695	2003013
N59	11	7	4	1	35676	1.750000	0.250000	2047659	2013482
N50	0	0	0	0	34172	0.000000	0.000000	2056837	2022660
N49	2	0	2	0	34172	0.000000	0.000000	2058808	2024631
N47	123	97	26	3	34172	3.730769	0.115385	2059195	2037015
N44	3	0	3	0	22176	0.000000	0.000000	2059854	2037674
N38	270	213	57	8	22176	3.736842	0.140351	2075346	2075346
N68	317	292	25	3	166263	11.680000	0.120000	2002670	1902784
N67	2	0	2	0	102338	0.000000	0.000000	2028246	1928143
N70	57	45	12	1	115369	3.750000	0.083333	2032548	1932375
N75	0	0	0	0	185939	0.000000	0.000000	1978198	1802713
N74	4	0	4	0	185939	0.000000	0.000000	1983527	1806978
N76	1	0	1	0	185939	0.000000	0.000000	1978673	1803097
N73	645	586	59	9	185939	9.932203	0.152542	1985282	1866876
N72	9	6	3	1	124311	2.000000	0.333333	2002883	1902529
N84	0	0	0	0	141782	0.000000	0.000000	2019490	1882209
N83	132	115	17	1	141782	6.764706	0.058824	2021202	1902980
N82	86	77	9	5	122598	8.555555	0.555556	2029794	1926439
N81	2	0	2	0	105619	0.000000	0.000000	2033932	1930470
N85	149	119	30	1	124803	3.966667	0.033333	2023308	1919884
N80	7	0	7	0	105619	0.000000	0.000000	2035289	1931803
N87	3	0	3	0	105619	0.000000	0.000000	2030926	1927553
N86	1	0	1	0	105619	0.000000	0.000000	2036112	1932611
N79	24	10	14	1	105619	0.714286	0.071429	2038620	1938345
N90	42	8	34	1	103939	0.235294	0.029412	1994932	1893259
N94	19	17	2	2	124324	8.500000	1.000000	2037162	1914867
N93	2	0	2	0	124166	0.000000	0.000000	2037842	1915476
N97	246	233	13	2	156060	17.923077	0.153846	1981401	1838444
N96	61	34	27	2	145299	1.259259	0.074074	1989882	1847707
N102	0	0	0	0	222662	0.000000	0.000000	1992612	1773153
N101	0	0	0	0	222662	0.000000	0.000000	1993840	1774333
N100	0	0	0	0	222662	0.000000	0.000000	1994456	1774934
N99	506	474	32	8	222662	14.812500	0.250000	1995575	1851611
N98	8	6	2	1	146047	3.000000	0.500000	2002519	1859972
N95	399	389	10	4	144433	38.900002	0.400000	2003330	1881023
N92	90	81	9	1	124166	9.000000	0.111111	2049059	1946608
N91	0	0	0	0	103939	0.000000	0.000000	2050085	1947625
N89	0	0	0	0	103939	0.000000	0.000000	2050371	1947893
N105	46	12	34	1	150048	0.352941	0.029412	1987744	1840142
N104	236	214	22	6	150048	9.727273	0.272727	1998295	1889747
N108	7	0	7	0	110621	0.000000	0.000000	1996121	1887731
N110	5	0	5	0	110621	0.000000	0.000000	2000646	1892236
N113	913	853	60	14	228901	14.216666	0.233333	1990132	1858345
N112	82	75	7	4	135008	10.714286	0.571429	2000863	1892474
N116	155	152	3	1	308152	50.666668	0.333333	2031245	1749589
N117	0	0	0	0	286571	0.000000	0.000000	2026438	1745176
N115	1119	1088	31	14	286571	35.096775	0.451613	2035752	1927328
N123	682	639	43	19	202882	14.860465	0.441860	1994631	1886096
N130	805	754	51	7	270325	14.784314	0.137255	1998279	1887902
N131	4	0	4	0	143551	0.000000	0.000000	1998005	1887582
N129	270	265	5	1	143551	53.000000	0.200000	2001288	1892733
N132	26	0	26	0	110621	0.000000	0.000000	1992555	1884442
N128	1	0	1	0	110621	0.000000	0.000000	2002648	1894088
N127	1	0	1	0	110621	0.000000	0.000000	2036455	1927875
N138	76	58	18	2	140021	3.222222	0.111111	2028399	1891861
N140	90	89	1	2	141760	89.000000	2.000000	2031451	1894763
N139	0	0	0	0	139444	0.000000	0.000000	2033251	1896469
N137	187	178	9	6	139444	19.777779	0.666667	2035936	1927419
N142	11	0	11	0	110621	0.000000	0.000000	2028604	1920139
N149	0	0	0	0	154037	0.000000	0.000000	1994203	1841969
N148	333	312	21	11	154037	14.857142	0.523810	2036706	1924270
N147	0	0	0	0	114195	0.000000	0.000000	2042913	1930416
N146	7	0	7	0	114195	0.000000	0.000000	2046284	1933691
N145	65	40	25	2	114195	1.600000	0.080000	2046395	1937354
N151	18	10	8	1	112451	1.250000	0.125000	1997966	1889446
N152	5	0	5	0	110641	0.000000	0.000000	2032638	1924142
N150	4	0	4	0	110641	0.000000	0.000000	2034525	1925899
N144	2	0	2	0	110641	0.000000	0.000000	2048139	1939047
N143	39	29	10	2	110641	2.900000	0.200000	2048907	1939777
N141	3	0	3	0	110621	0.000000	0.000000	2050164	1941034
N136	6	0	6	0	110621	0.000000	0.000000	2050909	1941779
N135	0	0	0	0	110621	0.000000	0.000000	2051357	1942227
N155	55	48	7	1	153097	6.857143	0.142857	2002446	1870392
N154	223	203	20	8	147694	10.150000	0.400000	2003338	1894719
N156	87	76	11	3	143919	6.909091	0.272727	2000512	1892362
N153	7	0	7	0	110621	0.000000	0.000000	2010798	1902166
N134	0	0	0	0	110621	0.000000	0.000000	2056764	1947626
N157	50	40	10	1	133844	4.000000	0.100000	2005674	1896888
N133	0	0	0	0	110621	0.000000	0.000000	2057655	1948511
N126	2	0	2	0	110621	0.000000	0.000000	2059007	1949863
N160	0	0	0	0	110621	0.000000	0.000000	1993278	1884878
N159	26	0	26	0	110621	0.000000	0.000000	1994578	1886104
N162	0	0	0	0	110621	0.000000	0.000000	2003530	1895010
N164	1	0	1	0	110621	0.000000	0.000000	1997319	1888774
N163	2	0	2	0	110621	0.000000	0.000000	1998149	1889423
N161	0	0	0	0	110621	0.000000	0.000000	2006919	1898183
N158	18	9	9	1	110621	1.000000	0.111111	2007359	1898612
N125	0	0	0	0	110621	0.000000	0.000000	2060803	1951601
N124	12	0	12	0	110621	0.000000	0.000000	2061021	1951819
N122	0	0	0	0	110621	0.000000	0.000000	2061118	1951915
N167	3	0	3	0	124873	0.000000	0.000000	2030228	1907471
N166	7	0	7	0	124873	0.000000	0.000000	2039218	1916443
N170	3	0	3	0	124873	0.000000	0.000000	2029394	1906742
N169	0	0	0	0	124873	0.000000	0.000000	2032381	1909694
N168	9	0	9	0	124873	0.000000	0.000000	2041556	1918721
N165	136	131	5	1	124873	26.200001	0.200000	2044227	1935595
N121	26	9	17	1	110621	0.529412	0.058824	2068728	1959522
N120	0	0	0	0	110621	0.000000	0.000000	2068729	1959523
N176	1665	1618	47	13	363714	34.425533	0.276596	1988391	1838471
N175	0	0	0	0	158270	0.000000	0.000000	1999934	1849963
N179	157	123	34	6	178621	3.617647	0.176471	1990535	1841162
N178	1	0	1	0	158270	0.000000	0.000000	1997742	1847581
N177	9	8	1	1	158270	8.000000	1.000000	1998810	1848632
N174	18	13	5	1	158270	2.600000	0.200000	2004375	1854725
N183	0	0	0	0	165078	0.000000	0.000000	2001424	1839208
N186	2	0	2	0	209943	0.000000	0.000000	2030782	1824128
N193	0	0	0	0	211443	0.000000	0.000000	1993611	1785868
N192	0	0	0	0	211443	0.000000	0.000000	1995296	1787425
N191	0	0	0	0	211443	0.000000	0.000000	1996575	1788524
N190	7	0	7	0	211443	0.000000	0.000000	1997425	1789215
N189	35	11	24	2	211443	0.458333	0.083333	2001976	1794661
N188	4	0	4	0	209943	0.000000	0.000000	2002756	1795383
N187	1	0	1	0	209943	0.000000	0.000000	2037687	1830201
N185	44	34	10	2	209943	3.400000	0.200000	2039749	1840207
N194	0	0	0	0	201997	0.000000	0.000000	1996413	1797457
N184	293	291	2	2	201997	145.500000	1.000000	2039952	1877296
N182	5	0	5	0	165078	0.000000	0.000000	2042536	1879813
N181	22	20	2	1	165078	10.000000	0.500000	2042693	1887732
N180	0	0	0	0	157316	0.000000	0.000000	2042979	1888016
N173	7	0	7	0	157316	0.000000	0.000000	2048432	1893313
N201	9	6	3	1	162101	2.000000	0.333333	1994993	1836211
N200	9	9	0	1	161925	0.000000	0.000000	1996997	1842673
N199	2	0	2	0	157316	0.000000	0.000000	2005194	1850552
N198	0	0	0	0	157316	0.000000	0.000000	2005454	1850797
N197	46	15	31	2	157316	0.483871	0.064516	2005565	1850902
N204	0	0	0	0	163279	0.000000	0.000000	2030769	1870507
N203	0	0	0	0	163279	0.000000	0.000000	2033175	1872782
N202	48	45	3	3	163279	15.000000	1.000000	2038616	1883799
N196	2	0	2	0	157316	0.000000	0.000000	2042829	1887849
N195	0	0	0	0	157316	0.000000	0.000000	2043716	1888725
N172	536	519	17	6	157316	30.529411	0.352941	2052938	1943789
N211	1	0	1	0	117748	0.000000	0.000000	1997065	1882953
N213	168	161	7	2	132408	23.000000	0.285714	1998441	1884082
N216	1007	981	26	8	235109	37.730770	0.307692	2028606	1912336
N219	6	0	6	0	178839	0.000000	0.000000	1997827	1822026
N222	29	23	6	1	193909	3.833333	0.166667	2033698	1859035
N223	20	5	15	1	179648	0.333333	0.066667	1992396	1817233
N221	4	0	4	0	178839	0.000000	0.000000	2041081	1865631
N225	0	0	0	0	189658	0.000000	0.000000	1985103	1799683
N224	46	20	26	1	189658	0.769231	0.038462	1986109	1811456
N220	0	0	0	0	178839	0.000000	0.000000	2041902	1866437
N218	12	6	6	1	178839	1.000000	0.166667	2043756	1869283
N217	386	370	16	8	177180	23.125000	0.500000	2044260	1927326
N215	6	0	6	0	119602	0.000000	0.000000	2047086	1929989
N227	112	108	4	3	138402	27.000000	0.750000	2025468	1909655
N226	0	0	0	0	119602	0.000000	0.000000	2042837	1926150
N214	37	32	5	2	119602	6.400000	0.400000	2053310	1937761
N212	3	0	3	0	117748	0.000000	0.000000	2055375	1939754
N210	14	9	5	1	117748	1.800000	0.200000	2056113	1943462
N209	0	0	0	0	114329	0.000000	0.000000	2056187	1943536
N208	0	0	0	0	114329	0.000000	0.000000	2056193	1943542
N207	13	5	8	1	114329	0.625000	0.125000	2056214	1946214
N230	119	116	3	1	125979	38.666668	0.333333	2029365	1919792
N236	1	0	1	0	116217	0.000000	0.000000	1992202	1878589
N237	923	911	12	8	272423	75.916664	0.666667	1995304	1881205
N235	0	0	0	0	116217	0.000000	0.000000	2006423	1892208
N234	0	0	0	0	116217	0.000000	0.000000	2006996	1892764
N233	0	0	0	0	116217	0.000000	0.000000	2007257	1893024
N232	41	37	4	2	116217	9.250000	0.500000	2007384	1897721
N239	12	0	12	0	111647	0.000000	0.000000	1991543	1882127
N240	3	0	3	0	111647	0.000000	0.000000	2024592	1915300
N238	3	0	3	0	111647	0.000000	0.000000	2026412	1916965
N231	0	0	0	0	111647	0.000000	0.000000	2040895	1931232
N229	0	0	0	0	111647	0.000000	0.000000	2043988	1934300
N228	8	0	8	0	111647	0.000000	0.000000	2044195	1934505
N206	33	14	19	2	111647	0.736842	0.105263	2064262	1955199
N205	10	6	4	1	110699	1.500000	0.250000	2066041	1956978
N171	19	5	14	1	110699	0.357143	0.071429	2070782	1961621
N119	0	0	0	0	110621	0.000000	0.000000	2078747	1969399
N118	11	0	11	0	110621	0.000000	0.000000	2078751	1969403
N114	0	0	0	0	110621	0.000000	0.000000	2079255	1969906
N111	2	0	2	0	110621	0.000000	0.000000	2079282	1969933
N109	1	0	1	0	110621	0.000000	0.000000	2079284	1969935
N107	0	0	0	0	110621	0.000000	0.000000	2079284	1969935
N106	1	0	1	0	110621	0.000000	0.000000	2079286	1969937
N103	55	29	26	3	110621	1.115385	0.115385	2079324	1976657
N88	17	8	9	1	103939	0.888889	0.111111	2079548	1978480
N78	7	0	7	0	102338	0.000000	0.000000	2079575	1978507
N77	0	0	0	0	102338	0.000000	0.000000	2079609	1978541
N71	2	0	2	0	102338	0.000000	0.000000	2079654	1978576
N69	0	0	0	0	102338	0.000000	0.000000	2079655	1978577
N66	733	545	188	18	102338	2.898936	0.095745	2079658	2079658
N1	0	0	0	0	0	0.000000	0.000000	2105689	2105689
