Node	Total SNPs	Num of SNPs inside recombinations	Num of SNPs outside recombinations	Num of Recombination Blocks	Bases in Recombinations	r/m	rho/theta	Genome Length	Bases in Clonal Frame
14936_4#78	402	316	86	4	268961	3.674419	0.046512	2078329	1852530
13415_7#71	16	0	16	0	423656	0.000000	0.000000	2108227	1693948
13414_4#26	919	859	60	25	802524	14.316667	0.416667	1946205	1354097
14913_2#83	0	0	0	0	387571	0.000000	0.000000	2112968	1730343
15608_3#80	57	6	51	1	230535	0.117647	0.019608	2069620	1844578
15682_2#7	71	18	53	1	233153	0.339623	0.018868	2072339	1847045
18090_2#123	2034	1950	84	24	531620	23.214285	0.285714	2018039	1869571
13414_2#54	1032	954	78	7	412996	12.230769	0.089744	2093504	1783353
22841_1#74	19	0	19	0	375110	0.000000	0.000000	2094490	1735295
14412_1#3	11	0	11	0	372006	0.000000	0.000000	2114946	1747111
15682_1#21	14	0	14	0	235183	0.000000	0.000000	2072784	1842295
15608_5#80	26	0	26	0	230401	0.000000	0.000000	2073395	1847993
12837_4#27	15	0	15	0	420555	0.000000	0.000000	2113185	1697798
14913_2#75	0	0	0	0	387571	0.000000	0.000000	2113095	1730565
21053_8#178	70	10	60	1	230401	0.166667	0.016667	2072057	1847772
11511_7#46	49	11	38	2	317373	0.289474	0.052632	2101269	1791179
14913_3#10	17	0	17	0	448564	0.000000	0.000000	2070513	1631738
15608_2#56	2361	2286	75	26	354538	30.480000	0.346667	2034414	1978674
15608_5#70	35	0	35	0	230401	0.000000	0.000000	2070492	1844905
12291_3#9	58	28	30	2	538404	0.933333	0.066667	2076033	1563208
14673_4#44	17	0	17	0	431531	0.000000	0.000000	2094635	1670844
14673_1#5	21	8	13	1	794207	0.615385	0.076923	2003056	1266174
13154_3#87	101	92	9	2	801381	10.222222	0.222222	1988547	1264696
14410_8#81	18	0	18	0	423656	0.000000	0.000000	2108869	1694053
11658_1#5	23	0	23	0	315593	0.000000	0.000000	2104229	1793771
14673_2#69	869	833	36	6	416507	23.138889	0.166667	2081520	1763582
11657_2#16	213	191	22	4	342790	8.681818	0.181818	2099831	1789213
14566_6#54	0	0	0	0	366297	0.000000	0.000000	2111051	1750634
12837_4#42	19	0	19	0	420555	0.000000	0.000000	2111484	1698730
14673_2#18	13	0	13	0	416734	0.000000	0.000000	2089723	1681658
14913_2#4	0	0	0	0	387571	0.000000	0.000000	2113840	1731160
13415_5#85	1589	1540	49	14	443376	31.428572	0.285714	2096380	1736990
13415_6#65	21	0	21	0	423656	0.000000	0.000000	2108594	1693765
12162_1#51	26	10	16	1	423878	0.625000	0.062500	2106679	1692538
22841_4#5	210	186	24	1	389954	7.750000	0.041667	2094740	1733623
14723_6#81	234	211	23	2	402664	9.173913	0.086957	2084259	1722624
14410_8#46	14	0	14	0	423656	0.000000	0.000000	2109851	1695453
13154_4#6	40	6	34	1	423656	0.176471	0.029412	2113721	1697726
13415_8#69	9	0	9	0	448564	0.000000	0.000000	2106119	1665959
17966_5#142	195	173	22	4	812133	7.863636	0.181818	1979086	1257237
14723_5#6	30	0	30	0	369055	0.000000	0.000000	2097736	1734883
12837_3#41	534	473	61	5	169744	7.754098	0.081967	2072818	1997521
13414_1#77	984	965	19	18	873367	50.789474	0.947368	2007115	1269495
13415_5#55	21	0	21	0	420555	0.000000	0.000000	2115182	1699260
15608_3#58	37	6	31	1	230401	0.193548	0.032258	2070487	1845609
19341_3#126	716	667	49	12	396140	13.612245	0.244898	2097909	1779037
14723_6#70	26	0	26	0	368535	0.000000	0.000000	2083371	1722669
13415_7#49	42	22	20	1	372091	1.100000	0.050000	2112152	1744358
15608_3#79	3	0	3	0	245616	0.000000	0.000000	2069544	1829245
13414_8#38	11	0	11	0	423656	0.000000	0.000000	2109221	1694564
14913_3#37	22	0	22	0	423656	0.000000	0.000000	2112386	1697047
13470_1#80	98	77	21	4	430478	3.666667	0.190476	2112446	1697269
12837_5#6	36	0	36	0	364817	0.000000	0.000000	2114235	1754148
15608_4#50	687	616	71	7	225972	8.676056	0.098592	2050438	1922586
12837_5#50	458	448	10	5	402484	44.799999	0.500000	2130057	1754755
17175_8#61	45	0	45	0	372006	0.000000	0.000000	2125919	1756801
15608_4#27	154	125	29	4	246085	4.310345	0.137931	2073763	1848606
14673_2#2	19	0	19	0	315593	0.000000	0.000000	2091538	1782466
15682_2#26	2188	2106	82	26	446596	25.682926	0.317073	2054005	1927536
21127_2#93	21	0	21	0	549518	0.000000	0.000000	2026320	1538038
15682_1#30	10	0	10	0	235183	0.000000	0.000000	2074178	1844009
15682_2#60	378	365	13	3	274570	28.076923	0.230769	2068533	1838177
22667_8#60	22	0	22	0	375110	0.000000	0.000000	2097634	1737170
15682_2#41	514	448	66	5	319961	6.787879	0.075758	2054133	1828727
21999_8#124	17	0	17	0	549518	0.000000	0.000000	2000032	1523678
15608_2#59	380	330	50	4	669177	6.600000	0.080000	1987950	1378517
13415_6#8	28	0	28	0	372006	0.000000	0.000000	2115075	1747530
14723_6#77	206	183	23	5	385736	7.956522	0.217391	2100979	1737780
14673_1#33	81	8	73	1	416903	0.109589	0.013699	2085494	1678698
14723_5#2	1297	1263	34	17	537476	37.147060	0.500000	2091149	1730953
13353_7#88	781	697	84	16	640160	8.297619	0.190476	2051177	1543191
14412_2#45	643	606	37	13	451331	16.378378	0.351351	2109428	1741482
14257_1#38	18	5	13	1	380291	0.384615	0.076923	2113548	1740403
15608_4#76	65	25	40	1	375606	0.625000	0.025000	2087666	1726516
15608_3#44	847	801	46	12	352576	17.413044	0.260870	2053564	1828710
14723_6#75	14	0	14	0	369055	0.000000	0.000000	2101143	1738368
13415_6#86	114	93	21	7	381473	4.428571	0.333333	2109638	1741818
22027_1#35	6	0	6	0	375110	0.000000	0.000000	2097867	1739215
15682_1#95	34	18	16	1	243816	1.125000	0.062500	2071182	1841106
14555_4#2	0	0	0	0	366297	0.000000	0.000000	2104901	1745330
14673_2#45	22	0	22	0	315593	0.000000	0.000000	2101231	1791216
21127_2#104	21	0	21	0	549518	0.000000	0.000000	2025932	1538432
15608_4#36	42	0	42	0	368535	0.000000	0.000000	2100840	1738642
13415_7#28	12	0	12	0	423656	0.000000	0.000000	2112413	1697248
15608_3#78	8	0	8	0	245616	0.000000	0.000000	2070594	1830068
14673_1#7	97	75	22	1	434133	3.409091	0.045455	2091525	1668220
N4	0	0	0	0	549518	0.000000	0.000000	2031570	1541565
N3	2650	2317	333	37	549518	6.957958	0.111111	2032059	1749918
N7	129	118	11	3	794207	10.727273	0.272727	2013712	1277406
N8	55	53	2	1	793200	26.500000	0.500000	2003209	1274129
N6	1291	1186	105	16	790311	11.295238	0.152381	2022802	1413859
N9	272	248	24	7	662088	10.333333	0.291667	2007169	1399384
N5	2877	2698	179	30	653812	15.072626	0.167598	2033309	1766725
N2	1230	1116	114	29	300969	9.789474	0.254386	2084538	2084538
N16	102	58	44	1	366297	1.318182	0.022727	2112005	1752963
N23	0	0	0	0	420555	0.000000	0.000000	2117129	1701059
N24	0	0	0	0	420555	0.000000	0.000000	2116953	1700845
N22	374	367	7	4	420555	52.428570	0.571429	2119290	1751467
N26	38	32	6	2	377701	5.333333	0.333333	2131065	1761417
N28	105	90	15	1	372091	6.000000	0.066667	2113826	1745888
N27	1	0	1	0	372006	0.000000	0.000000	2128860	1759319
N25	0	0	0	0	372006	0.000000	0.000000	2141945	1770916
N21	2	0	2	0	372006	0.000000	0.000000	2142381	1771347
N31	0	0	0	0	387571	0.000000	0.000000	2114640	1731835
N30	214	172	42	3	387571	4.095238	0.071429	2115095	1747223
N32	7	0	7	0	372006	0.000000	0.000000	2117986	1750045
N29	4	0	4	0	372006	0.000000	0.000000	2119401	1751235
N20	7	6	1	1	372006	6.000000	1.000000	2142543	1771728
N38	0	0	0	0	423656	0.000000	0.000000	2113751	1698261
N37	5	0	5	0	423656	0.000000	0.000000	2114461	1698788
N40	256	235	21	5	448564	11.190476	0.238095	2108320	1692754
N41	18	0	18	0	423656	0.000000	0.000000	2113481	1698142
N39	0	0	0	0	423656	0.000000	0.000000	2115524	1699490
N36	2	0	2	0	423656	0.000000	0.000000	2116841	1700585
N43	5	0	5	0	423656	0.000000	0.000000	2111469	1696384
N42	5	0	5	0	423656	0.000000	0.000000	2116213	1699937
N35	1	0	1	0	423656	0.000000	0.000000	2118698	1702121
N34	637	622	15	7	423656	41.466667	0.466667	2118727	1751724
N33	19	18	1	1	372868	18.000000	1.000000	2121846	1753786
N19	40	37	3	1	371787	12.333333	0.333333	2142916	1779067
N18	9	0	9	0	364817	0.000000	0.000000	2143028	1779176
N17	0	0	0	0	364817	0.000000	0.000000	2143069	1779214
N15	489	469	20	8	364817	23.450001	0.400000	2143084	1828419
N14	7	0	7	0	315593	0.000000	0.000000	2143103	1828436
N48	1	0	1	0	315593	0.000000	0.000000	2105961	1795332
N47	0	0	0	0	315593	0.000000	0.000000	2106760	1795784
N49	1042	1024	18	16	416734	56.888889	0.888889	2090868	1781234
N46	0	0	0	0	315593	0.000000	0.000000	2107466	1796393
N45	18	0	18	0	315593	0.000000	0.000000	2109202	1797841
N54	4	0	4	0	375110	0.000000	0.000000	2102942	1741642
N53	4	0	4	0	375110	0.000000	0.000000	2104421	1742657
N52	785	728	57	7	375110	12.771930	0.122807	2105951	1794021
N55	16	11	5	1	323896	2.200000	0.200000	2114255	1802614
N51	15	0	15	0	315593	0.000000	0.000000	2120388	1807003
N50	2	0	2	0	315593	0.000000	0.000000	2121019	1807561
N44	0	0	0	0	315593	0.000000	0.000000	2123378	1809476
N13	4	0	4	0	315593	0.000000	0.000000	2145800	1830283
N57	585	545	40	10	431531	13.625000	0.250000	2096929	1734361
N63	0	0	0	0	369055	0.000000	0.000000	2102650	1739582
N64	3	0	3	0	369055	0.000000	0.000000	2103160	1739650
N62	16	7	9	1	369055	0.777778	0.111111	2104487	1741324
N61	0	0	0	0	368535	0.000000	0.000000	2105717	1742499
N60	10	0	10	0	368535	0.000000	0.000000	2105891	1742642
N59	1	0	1	0	368535	0.000000	0.000000	2106956	1743296
N58	43	15	28	2	368535	0.535714	0.071429	2107451	1743831
N56	316	303	13	13	368407	23.307692	1.000000	2108213	1796791
N12	1421	1347	74	18	315593	18.202703	0.243243	2145893	1993042
N11	760	706	54	15	152885	13.074074	0.277778	2145999	2118814
N65	3455	3312	143	40	533236	23.160839	0.279720	2086752	2060004
N10	114	84	30	6	27179	2.800000	0.200000	2146139	2146139
N69	0	0	0	0	130304	0.000000	0.000000	2075006	1946934
N77	237	210	27	1	245616	7.777778	0.037037	2072808	1847243
N78	1	0	1	0	230401	0.000000	0.000000	2075435	1849922
N76	9	0	9	0	230401	0.000000	0.000000	2077364	1851483
N75	3	0	3	0	230401	0.000000	0.000000	2078174	1852216
N74	5	0	5	0	230401	0.000000	0.000000	2079795	1853802
N79	0	0	0	0	230401	0.000000	0.000000	2085373	1859217
N73	5	0	5	0	230401	0.000000	0.000000	2089544	1863002
N81	1	0	1	0	230401	0.000000	0.000000	2076848	1851103
N80	1	0	1	0	230401	0.000000	0.000000	2078037	1852138
N72	0	0	0	0	230401	0.000000	0.000000	2090739	1864034
N84	0	0	0	0	235183	0.000000	0.000000	2076267	1845805
N83	1	0	1	0	235183	0.000000	0.000000	2077871	1847110
N82	104	81	23	1	235183	3.521739	0.043478	2079209	1852997
N71	0	0	0	0	230401	0.000000	0.000000	2091669	1864715
N70	777	693	84	10	230401	8.250000	0.119048	2095361	1966573
N68	372	354	18	8	130304	19.666666	0.444444	2099464	2023630
N67	48	38	10	3	77142	3.800000	0.300000	2100210	2042414
N66	339	278	61	10	58850	4.557377	0.163934	2105584	2105584
N1	0	0	0	0	0	0.000000	0.000000	2146927	2146927
