Node	Total SNPs	Num of SNPs inside recombinations	Num of SNPs outside recombinations	Num of Recombination Blocks	Bases in Recombinations	r/m	rho/theta	Genome Length	Bases in Clonal Frame
22841_3#54	89	79	10	2	582715	7.900000	0.200000	1936133	1426462
14410_8#23	1	0	1	0	782161	0.000000	0.000000	1998701	1260962
13415_7#51	1866	1764	102	24	581059	17.294117	0.235294	1968736	1629845
17175_5#70	8	0	8	0	373745	0.000000	0.000000	2043410	1681785
13353_7#38	167	152	15	2	660731	10.133333	0.133333	1992833	1385536
17175_4#12	53	26	27	3	371244	0.962963	0.111111	2045087	1687050
17870_7#67	84	45	39	2	373872	1.153846	0.051282	2003494	1642545
19084_7#164	122	108	14	2	381693	7.714286	0.142857	1992187	1630468
12838_1#76	19	0	19	0	742171	0.000000	0.000000	1926390	1252834
17150_4#74	7	0	7	0	815300	0.000000	0.000000	2017387	1242085
19084_7#160	85	69	16	2	743473	4.312500	0.125000	1962083	1275309
14520_4#63	0	0	0	0	401373	0.000000	0.000000	1993191	1595927
15841_2#53	2	0	2	0	385980	0.000000	0.000000	2027159	1652912
11658_2#93	959	919	40	22	680970	22.975000	0.550000	1999273	1452253
18456_1#50	122	66	56	8	903645	1.178571	0.142857	1947923	1091271
21127_2#106	54	0	54	0	663748	0.000000	0.000000	1990943	1362295
12162_1#46	22	0	22	0	815385	0.000000	0.000000	2020467	1243363
22027_1#86	11	0	11	0	582383	0.000000	0.000000	1930570	1422680
14520_6#37	2929	2796	133	40	766823	21.022556	0.300752	2024159	1612679
12291_6#7	47	25	22	1	818398	1.136364	0.045455	2015054	1238103
15841_3#12	0	0	0	0	385980	0.000000	0.000000	2027241	1653121
9789_3#7	1473	1450	23	17	494356	63.043480	0.739130	2008650	1629040
15841_4#58	0	0	0	0	818336	0.000000	0.000000	2015278	1238188
13353_7#47	67	0	67	0	641133	0.000000	0.000000	1971827	1364680
14673_3#30	11	0	11	0	626918	0.000000	0.000000	1967860	1399503
21999_8#93	366	325	41	10	683134	7.926829	0.243902	1980345	1329136
15531_4#74	0	0	0	0	734245	0.000000	0.000000	1905064	1255528
17138_3#51	46	14	32	2	815535	0.437500	0.062500	2019372	1243061
14936_4#58	17	0	17	0	373745	0.000000	0.000000	2048162	1686387
22027_1#150	24	0	24	0	582389	0.000000	0.000000	1932609	1424521
14936_6#38	917	869	48	5	653225	18.104166	0.104167	1990236	1472872
14520_4#15	1	0	1	0	401373	0.000000	0.000000	1994400	1596784
15378_4#74	1	0	1	0	612477	0.000000	0.000000	1982405	1396596
13414_3#64	20	0	20	0	602628	0.000000	0.000000	1993973	1447659
15841_4#40	1	0	1	0	399060	0.000000	0.000000	2017486	1630845
22841_3#6	373	341	32	6	578620	10.656250	0.187500	1967928	1440039
22667_8#52	49	26	23	1	566629	1.130435	0.043478	1972554	1464154
14412_1#18	3	0	3	0	782252	0.000000	0.000000	2012008	1270350
14520_5#18	4	0	4	0	410986	0.000000	0.000000	1953642	1549843
17150_6#5	149	111	38	1	370197	2.921053	0.026316	2043875	1688956
21127_2#167	40	4	36	1	663824	0.111111	0.027778	1991894	1364554
19183_3#45	10	6	4	1	665553	1.500000	0.250000	1967755	1367354
15531_2#48	0	0	0	0	460686	0.000000	0.000000	1992918	1553792
18090_1#90	2583	2500	83	25	541529	30.120481	0.301205	2126152	1866146
15841_4#51	55	29	26	4	816900	1.115385	0.153846	2033736	1250431
14410_7#51	2658	2491	167	39	589584	14.916167	0.233533	1982414	1773092
17175_8#90	238	217	21	2	773721	10.333333	0.095238	2001943	1281548
14723_1#69	275	146	129	5	428160	1.131783	0.038760	1959037	1574396
13414_1#20	111	79	32	2	619755	2.468750	0.062500	1973136	1419288
13415_7#93	18	0	18	0	549962	0.000000	0.000000	1957781	1457975
15873_5#9	1	0	1	0	401373	0.000000	0.000000	1992908	1595408
17175_5#55	38	10	28	1	750370	0.357143	0.035714	2009674	1304768
15841_5#39	27	10	17	1	370092	0.588235	0.058824	2018947	1660868
17870_7#52	355	330	25	6	416802	13.200000	0.240000	1991382	1612465
14913_5#75	31	10	21	2	373745	0.476190	0.095238	2049806	1687631
23164_8#131	2	0	2	0	582380	0.000000	0.000000	1934564	1425661
14412_1#77	0	0	0	0	782245	0.000000	0.000000	1998838	1261251
17175_5#5	48	6	42	1	815391	0.142857	0.023810	2019648	1243285
9789_5#15	0	0	0	0	387081	0.000000	0.000000	1996974	1621944
14520_5#91	1	0	1	0	401373	0.000000	0.000000	1992602	1594955
17870_7#117	10	0	10	0	398395	0.000000	0.000000	2000835	1616298
17794_8#70	2692	2556	136	33	668848	18.794117	0.242647	1962851	1662700
14913_5#33	254	236	18	1	385980	13.111111	0.055556	2029349	1655736
17870_7#69	16	0	16	0	903557	0.000000	0.000000	1945339	1090464
14936_4#50	7	0	7	0	373745	0.000000	0.000000	2049977	1688089
19341_2#57	950	920	30	11	487254	30.666666	0.366667	2039634	1679427
13414_3#84	30	0	30	0	602637	0.000000	0.000000	2001075	1453609
17175_5#76	36	9	27	1	775341	0.333333	0.037037	2002825	1275030
19084_8#114	157	104	53	4	383217	1.962264	0.075472	1972049	1609805
22841_2#174	48	46	2	2	387051	23.000000	1.000000	1972651	1599784
14673_4#58	247	221	26	2	719802	8.500000	0.076923	1990358	1346278
15841_3#91	27	6	21	1	373745	0.285714	0.047619	2047318	1685465
15995_2#36	1	0	1	0	385980	0.000000	0.000000	2019998	1647266
17150_6#8	19	0	19	0	373921	0.000000	0.000000	2038024	1676371
17059_6#62	621	588	33	15	415067	17.818182	0.454545	2008468	1648086
15378_2#2	268	256	12	6	393930	21.333334	0.500000	2024006	1650428
14936_6#46	2	0	2	0	646895	0.000000	0.000000	2011366	1393718
14673_3#82	960	919	41	10	686091	22.414635	0.243902	1952949	1400941
21999_7#103	54	4	50	1	664195	0.080000	0.020000	1990834	1362445
14936_6#71	0	0	0	0	472477	0.000000	0.000000	1986752	1526524
13415_5#46	611	573	38	6	811586	15.078947	0.157895	2001996	1278067
17870_8#169	346	334	12	5	516556	27.833334	0.416667	2009992	1545591
21999_7#104	182	96	86	8	778005	1.116279	0.093023	1950264	1247137
15995_1#109	0	0	0	0	398647	0.000000	0.000000	2040166	1655339
13415_4#25	109	92	17	3	769484	5.411765	0.176471	1949348	1248404
17175_6#84	1314	1281	33	8	913261	38.818180	0.242424	1989002	1274051
22841_1#70	13	0	13	0	574901	0.000000	0.000000	1973239	1453523
13353_7#59	688	649	39	10	673452	16.641026	0.256410	1983741	1416948
12162_1#27	8	0	8	0	532742	0.000000	0.000000	1947252	1448014
14555_4#57	2221	2139	82	26	670957	26.085365	0.317073	1924078	1541057
16399_5#14	0	0	0	0	401373	0.000000	0.000000	1992054	1594834
18090_1#111	779	724	55	9	620099	13.163636	0.163636	1906660	1437155
14566_4#79	12	0	12	0	775455	0.000000	0.000000	2009661	1279625
15531_4#44	0	0	0	0	401373	0.000000	0.000000	1991635	1594335
17059_6#28	13	0	13	0	399060	0.000000	0.000000	2022252	1636050
15731_8#42	11	0	11	0	373745	0.000000	0.000000	2048562	1686521
19341_2#181	3	0	3	0	696851	0.000000	0.000000	1955539	1318816
21127_1#12	790	710	80	18	935546	8.875000	0.225000	1954503	1169501
22841_3#16	1233	1166	67	24	798262	17.402985	0.358209	1969191	1331042
14913_7#49	4	0	4	0	385980	0.000000	0.000000	2027342	1653070
17966_5#9	823	812	11	8	461896	73.818184	0.727273	1982072	1612590
19183_3#24	6	0	6	0	401373	0.000000	0.000000	1944803	1548807
17870_7#46	159	134	25	5	392815	5.360000	0.200000	2020981	1648200
14410_8#65	22	0	22	0	750322	0.000000	0.000000	2013295	1306878
17138_4#71	138	115	23	2	384895	5.000000	0.086957	1999704	1641438
14520_4#62	1	0	1	0	401373	0.000000	0.000000	1987001	1589674
14410_8#86	37	11	26	1	815316	0.423077	0.038462	2019304	1242456
14410_4#73	2	0	2	0	599640	0.000000	0.000000	2008272	1434080
15841_5#6	870	813	57	15	478925	14.263158	0.263158	1951235	1588186
21999_7#108	2414	2362	52	27	934197	45.423077	0.519231	1984013	1324767
21999_8#73	516	476	40	10	714194	11.900000	0.250000	1952754	1326341
18456_1#93	106	95	11	1	661896	8.636364	0.090909	1958349	1342745
13414_8#55	0	0	0	0	512511	0.000000	0.000000	2000231	1515958
13414_3#44	41	11	30	2	653761	0.366667	0.066667	1969087	1366312
14913_4#12	0	0	0	0	760684	0.000000	0.000000	2015848	1297948
17175_8#89	134	111	23	2	386954	4.826087	0.086957	2030719	1668896
22841_4#40	684	648	36	12	680114	18.000000	0.333333	1947066	1424833
15378_3#66	0	0	0	0	612477	0.000000	0.000000	1983658	1397350
12162_1#13	59	41	18	2	823041	2.277778	0.111111	1984387	1210515
21127_1#178	171	155	16	1	716904	9.687500	0.062500	1993183	1324434
17870_7#74	716	690	26	13	548915	26.538462	0.500000	2015960	1549642
19341_2#32	1	0	1	0	402967	0.000000	0.000000	1993969	1605682
13414_8#5	504	468	36	8	821510	13.000000	0.222222	1984417	1256125
23164_8#86	3	0	3	0	601762	0.000000	0.000000	1933008	1404409
17175_4#2	248	230	18	3	822213	12.777778	0.166667	2015391	1240788
14673_4#60	20	0	20	0	653578	0.000000	0.000000	1960749	1358575
13415_8#22	156	104	52	7	430027	2.000000	0.134615	1965283	1578996
17150_6#24	66	32	34	1	373745	0.941176	0.029412	2043357	1681775
13415_5#62	48	28	20	1	750340	1.400000	0.050000	2013072	1307226
17966_5#107	12	0	12	0	646895	0.000000	0.000000	1994173	1381126
15995_2#38	0	0	0	0	385980	0.000000	0.000000	2019460	1646691
22841_2#52	113	82	31	4	721225	2.645161	0.129032	1945319	1285984
15995_2#141	2	0	2	0	399060	0.000000	0.000000	2012682	1629374
17870_8#185	7	0	7	0	646895	0.000000	0.000000	1986854	1372812
17175_4#86	3	0	3	0	447901	0.000000	0.000000	1991060	1560505
22114_6#71	4	0	4	0	726561	0.000000	0.000000	1992810	1319102
11657_8#2	14	0	14	0	641110	0.000000	0.000000	1973397	1365299
13415_7#47	57	38	19	1	775410	2.000000	0.052632	2015559	1281560
9789_3#91	795	738	57	19	340477	12.947369	0.333333	2026493	1832133
22841_1#145	122	83	39	3	566632	2.128205	0.076923	1948403	1433905
14410_8#92	28	0	28	0	750327	0.000000	0.000000	2010111	1304009
14936_6#49	2	0	2	0	646895	0.000000	0.000000	2004237	1387203
17175_8#5	33	0	33	0	373745	0.000000	0.000000	2046367	1684289
22841_1#19	282	254	28	4	603711	9.071428	0.142857	1959700	1443725
14566_4#50	15	5	10	1	773721	0.500000	0.100000	2008423	1282048
17150_4#1	7	0	7	0	447901	0.000000	0.000000	1976299	1548098
19341_2#47	0	0	0	0	402967	0.000000	0.000000	1994720	1606370
17059_6#16	1	0	1	0	549948	0.000000	0.000000	1953499	1454546
14936_6#84	0	0	0	0	472477	0.000000	0.000000	1986445	1526309
15841_4#93	29	20	9	1	823134	2.222222	0.111111	2018842	1236471
14555_4#48	18	0	18	0	373745	0.000000	0.000000	2045962	1684270
15873_1#15	9	8	1	1	399060	8.000000	1.000000	2018972	1634139
14324_6#53	47	13	34	1	512511	0.382353	0.029412	1998882	1514599
15378_4#83	520	500	20	5	441890	25.000000	0.250000	2024878	1651472
15841_3#46	1	0	1	0	815364	0.000000	0.000000	2006875	1234963
14555_3#33	25	8	17	1	775472	0.470588	0.058824	1982534	1250945
14520_7#56	0	0	0	0	401373	0.000000	0.000000	1991394	1594118
17150_6#92	11	0	11	0	373745	0.000000	0.000000	2043253	1682017
10395_5#39	1651	1496	155	27	530290	9.651613	0.174194	2010013	1817780
14410_8#10	19	0	19	0	750353	0.000000	0.000000	2012516	1306233
22027_1#39	22	8	14	1	582388	0.571429	0.071429	1931708	1423694
19084_8#106	158	130	28	2	382193	4.642857	0.071429	2000870	1639113
22841_4#83	2981	2867	114	41	863663	25.149122	0.359649	1892979	1427255
14913_4#39	17	0	17	0	549956	0.000000	0.000000	1953730	1453202
14723_3#81	37	9	28	1	374019	0.321429	0.035714	2017178	1656191
21127_1#164	212	165	47	3	774810	3.510638	0.063830	1975305	1273052
14723_4#86	3383	3128	255	47	870417	12.266666	0.184314	1933842	1548336
10395_5#56	5	0	5	0	665516	0.000000	0.000000	1975755	1373788
15731_8#35	1	0	1	0	815502	0.000000	0.000000	2016608	1242312
24775_1#112	221	170	51	5	765901	3.333333	0.098039	1916551	1239067
14936_6#80	74	51	23	2	646963	2.217391	0.086957	1977497	1361349
17150_6#68	3	0	3	0	373745	0.000000	0.000000	2046302	1684891
22114_6#40	307	303	4	4	624084	75.750000	1.000000	1971918	1454011
17966_5#6	16	0	16	0	385980	0.000000	0.000000	1988841	1616456
14723_2#39	1288	1221	67	17	721301	18.223881	0.253731	2003119	1504383
22027_1#149	27	0	27	0	573905	0.000000	0.000000	1975381	1454411
22841_1#68	26	8	18	1	582381	0.444444	0.055556	1930518	1423745
15608_4#11	3676	3528	148	41	666321	23.837837	0.277027	1946863	1726148
15995_2#68	2	0	2	0	399060	0.000000	0.000000	2019271	1634012
13414_8#70	362	344	18	2	777441	19.111111	0.111111	2008550	1282815
15995_2#44	0	0	0	0	385980	0.000000	0.000000	2020881	1647969
21127_2#184	777	728	49	13	749435	14.857142	0.265306	1971268	1311076
22841_3#90	1283	1197	86	19	364112	13.918605	0.220930	2014121	1790836
17870_7#90	29	7	22	1	646895	0.318182	0.045455	1981862	1367671
19084_8#136	215	166	49	6	878343	3.387755	0.122449	1958730	1175905
22841_4#139	151	131	20	7	593486	6.550000	0.350000	1931831	1424263
14913_2#59	0	0	0	0	760647	0.000000	0.000000	2015839	1297873
14936_5#40	0	0	0	0	385991	0.000000	0.000000	2021282	1649169
14520_7#4	4	0	4	0	665420	0.000000	0.000000	1976607	1375220
22841_3#96	25	6	19	1	726534	0.315789	0.052632	2000943	1323093
14410_8#79	0	0	0	0	782234	0.000000	0.000000	1997963	1260807
14520_6#22	1337	1226	111	20	670634	11.045045	0.180180	2021859	1524303
22841_1#54	2	0	2	0	601773	0.000000	0.000000	1918614	1392420
13415_7#75	494	464	30	12	836448	15.466666	0.400000	2012818	1274289
15731_8#57	21	0	21	0	815355	0.000000	0.000000	2020488	1243096
17870_7#51	7	0	7	0	646895	0.000000	0.000000	1997392	1384585
12837_2#82	5	0	5	0	764710	0.000000	0.000000	1984690	1274408
14257_1#34	97	71	26	3	721769	2.730769	0.115385	2007143	1328443
19084_7#39	26	0	26	0	603955	0.000000	0.000000	1971571	1421214
17870_7#44	481	450	31	6	418099	14.516129	0.193548	1984704	1622932
17059_6#65	20	15	5	1	402203	3.000000	0.200000	2042798	1657272
12291_6#18	17	0	17	0	773721	0.000000	0.000000	2009504	1281847
15874_1#12	617	582	35	3	801561	16.628571	0.085714	2007028	1281374
14566_4#37	406	394	12	5	824410	32.833332	0.416667	2006863	1277353
22841_4#165	17	5	12	1	612204	0.416667	0.083333	1928847	1391655
14566_4#11	9	0	9	0	815477	0.000000	0.000000	2014629	1241008
14936_6#55	25	12	13	1	474273	0.923077	0.076923	1998003	1539451
19341_2#59	784	723	61	6	473278	11.852459	0.098361	2023827	1684316
19341_3#7	2	0	2	0	696851	0.000000	0.000000	1954822	1318368
12837_4#36	65	37	28	1	750317	1.321429	0.035714	2018296	1309794
13470_1#84	3009	2904	105	42	817123	27.657143	0.400000	1987460	1597248
17428_8#163	0	0	0	0	410986	0.000000	0.000000	1943719	1540616
17966_5#127	1230	1182	48	10	830066	24.625000	0.208333	1970999	1332226
18090_1#145	12	0	12	0	616959	0.000000	0.000000	1935635	1383638
12837_3#2	15	5	10	1	766257	0.500000	0.100000	1986844	1277847
12837_3#60	25	10	15	1	775404	0.666667	0.066667	2012063	1280571
19084_7#34	44	19	25	3	720481	0.760000	0.120000	1946589	1288503
19341_3#119	125	87	38	5	746705	2.289474	0.131579	1971802	1287328
14520_6#89	1627	1541	86	29	567728	17.918604	0.337209	1969585	1663782
15841_6#41	68	60	8	1	787585	7.500000	0.125000	2008401	1281032
22841_1#23	575	531	44	10	632019	12.068182	0.227273	1939563	1419842
22841_1#28	242	229	13	6	580900	17.615385	0.461538	1942902	1428822
22841_3#52	14	0	14	0	582391	0.000000	0.000000	1937139	1427614
15873_4#64	1	0	1	0	401373	0.000000	0.000000	1992405	1595136
14913_3#61	0	0	0	0	544656	0.000000	0.000000	1975596	1473998
15841_5#84	2	0	2	0	815203	0.000000	0.000000	1985427	1207875
12837_2#81	40	0	40	0	772556	0.000000	0.000000	2006041	1280834
12837_1#61	387	330	57	8	755547	5.789474	0.140351	1979315	1304137
21127_2#185	839	803	36	11	762301	22.305555	0.305556	1995084	1327788
10395_5#5	645	505	140	15	492661	3.607143	0.107143	2069719	1650860
14913_5#4	580	542	38	10	445074	14.263158	0.263158	2041850	1681369
14673_3#36	27	10	17	1	654046	0.588235	0.058824	1967385	1365196
14412_1#46	25	0	25	0	775487	0.000000	0.000000	2013543	1281408
14913_4#77	42	15	27	2	374984	0.555556	0.074074	2018250	1657405
22841_3#153	26	0	26	0	603958	0.000000	0.000000	1972770	1421354
18456_1#124	132	119	13	2	386847	9.153846	0.153846	2017482	1646545
18456_1#86	0	0	0	0	607121	0.000000	0.000000	1959282	1377717
14410_6#84	51	39	12	1	501377	3.250000	0.083333	2003769	1549267
14913_4#33	186	167	19	1	372672	8.789474	0.052632	2021137	1664690
13415_7#33	31	0	31	0	815383	0.000000	0.000000	2022659	1245300
12290_3#45	10	0	10	0	609100	0.000000	0.000000	1977666	1395180
14555_3#85	25	10	15	1	775379	0.666667	0.066667	2012119	1280827
17175_8#67	94	61	33	2	372580	1.848485	0.060606	2044478	1690764
14412_2#20	961	923	38	6	744759	24.289474	0.157895	1990787	1326241
19341_3#32	24	0	24	0	696881	0.000000	0.000000	1954009	1317962
15841_1#3	14	0	14	0	549964	0.000000	0.000000	1958403	1458126
17794_7#78	3	0	3	0	478828	0.000000	0.000000	2002363	1547608
14673_4#36	1083	987	96	8	757747	10.281250	0.083333	1997192	1346228
15841_3#64	0	0	0	0	373745	0.000000	0.000000	2048041	1686119
23164_8#92	38	0	38	0	582387	0.000000	0.000000	1927377	1418789
14673_4#16	123	95	28	1	609930	3.392857	0.035714	1999888	1453076
15731_8#70	12	0	12	0	819686	0.000000	0.000000	1992080	1210400
13414_8#51	15	0	15	0	768814	0.000000	0.000000	2025841	1297168
14412_1#27	1	0	1	0	782257	0.000000	0.000000	1999588	1261435
15531_3#94	194	167	27	3	385991	6.185185	0.111111	2024142	1650521
14913_3#90	1	0	1	0	544656	0.000000	0.000000	1972936	1472697
22841_2#67	128	94	34	2	582389	2.764706	0.058824	1966387	1456464
13415_5#64	329	310	19	11	545691	16.315790	0.578947	1973180	1491309
17150_6#34	31	12	19	1	549965	0.631579	0.052632	1959216	1456624
14520_5#2	1	0	1	0	410986	0.000000	0.000000	1953095	1549506
14913_5#52	10	0	10	0	385980	0.000000	0.000000	2027036	1652685
22027_1#104	34	8	26	1	730511	0.307692	0.038462	1987290	1315252
15841_3#26	1	0	1	0	399060	0.000000	0.000000	2017851	1633385
16288_5#26	46	0	46	0	599640	0.000000	0.000000	1981082	1407100
17966_5#126	205	165	40	5	668613	4.125000	0.125000	1948063	1350837
15531_4#56	4	0	4	0	599640	0.000000	0.000000	2010579	1436092
12162_1#82	6	0	6	0	532742	0.000000	0.000000	1956953	1457428
13414_2#9	161	128	33	5	634453	3.878788	0.151515	1964722	1411936
17059_8#76	34	19	15	1	373745	1.266667	0.066667	2043425	1682601
14257_1#79	42	7	35	1	772937	0.200000	0.028571	2012790	1282954
13414_1#9	11	0	11	0	602748	0.000000	0.000000	2012400	1456951
15873_1#62	0	0	0	0	385980	0.000000	0.000000	2026890	1652802
13414_2#92	20	0	20	0	641018	0.000000	0.000000	1970385	1363633
15995_1#74	20	0	20	0	775285	0.000000	0.000000	1999076	1274160
17059_6#50	0	0	0	0	373745	0.000000	0.000000	2047447	1685262
17870_8#172	130	114	16	3	475512	7.125000	0.187500	2013994	1557893
15873_5#13	1	0	1	0	401373	0.000000	0.000000	1993865	1596495
17870_8#188	10	0	10	0	646895	0.000000	0.000000	1998828	1384530
17059_8#57	18	5	13	1	550092	0.384615	0.076923	1950911	1452601
12290_2#41	0	0	0	0	385991	0.000000	0.000000	2017996	1646528
13470_1#43	80	53	27	3	753996	1.962963	0.111111	1977021	1272998
14410_7#23	1953	1876	77	14	456299	24.363636	0.181818	1974627	1731130
22114_6#47	69	62	7	2	582391	8.857142	0.285714	1928573	1421125
17175_4#54	52	44	8	1	373836	5.500000	0.125000	1983811	1625429
15873_3#47	4	0	4	0	401373	0.000000	0.000000	1993175	1595799
17059_8#46	2	0	2	0	815537	0.000000	0.000000	2002433	1232461
14412_1#90	0	0	0	0	782253	0.000000	0.000000	1999998	1262072
17870_8#167	1	0	1	0	646895	0.000000	0.000000	1997351	1383492
17794_7#44	596	567	29	4	826067	19.551723	0.137931	1950662	1281806
21127_2#67	171	114	57	4	705277	2.000000	0.070175	1990273	1333967
14913_5#83	10	0	10	0	373745	0.000000	0.000000	2049231	1687004
13415_7#5	15	4	11	1	549958	0.363636	0.090909	1958848	1458448
14936_4#42	29	6	23	1	373745	0.260870	0.043478	2048713	1686594
12162_1#67	18	0	18	0	818428	0.000000	0.000000	2014268	1237446
19084_8#87	793	730	63	11	756445	11.587301	0.174603	1990873	1339470
17150_4#48	54	10	44	1	764595	0.227273	0.022727	1979438	1274820
15873_3#53	4	0	4	0	401373	0.000000	0.000000	1992083	1594645
18456_1#62	1872	1826	46	13	578177	39.695652	0.282609	1995052	1634666
14913_5#13	89	65	24	1	818338	2.708333	0.041667	2016783	1239382
13414_8#7	50	24	26	1	749067	0.923077	0.038462	2012951	1307474
23164_8#83	29	6	23	1	566625	0.260870	0.043478	1935480	1422058
22841_3#28	551	526	25	7	593495	21.040001	0.280000	1984943	1462165
14412_1#25	147	124	23	2	759345	5.391304	0.086957	2015220	1307919
15995_2#5	1	0	1	0	399060	0.000000	0.000000	2018483	1633427
22114_6#39	16	0	16	0	574894	0.000000	0.000000	1969400	1451695
17870_7#53	2	0	2	0	646895	0.000000	0.000000	1999523	1385136
12837_1#77	31	19	12	1	815389	1.583333	0.083333	2022155	1243608
12291_4#48	124	98	26	5	859164	3.769231	0.192308	1931774	1156741
14555_3#54	28	7	21	1	775380	0.333333	0.047619	2013380	1281482
17059_6#2	0	0	0	0	373745	0.000000	0.000000	2045297	1683677
15731_8#73	1101	1065	36	7	857135	29.583334	0.194444	2003211	1299734
15841_1#33	1011	967	44	14	474176	21.977272	0.318182	1967283	1624894
22841_1#44	81	67	14	2	578509	4.785714	0.142857	1945703	1431713
15378_4#29	1740	1520	220	26	756832	6.909091	0.118182	1944426	1512517
15873_4#68	0	0	0	0	401373	0.000000	0.000000	1992693	1595164
10395_5#41	2	0	2	0	665601	0.000000	0.000000	1977871	1375102
21999_8#120	135	78	57	2	697220	1.368421	0.035088	1994741	1336295
17794_8#143	70	43	27	2	724923	1.592593	0.074074	1915307	1252128
15873_5#12	2	0	2	0	401373	0.000000	0.000000	1990083	1592612
17870_8#173	748	700	48	14	466456	14.583333	0.291667	2018564	1647012
13414_1#42	1450	1364	86	16	752985	15.860465	0.186047	1999864	1417559
22841_1#174	280	196	84	4	640429	2.333333	0.047619	1994544	1424062
14936_6#79	90	87	3	2	478087	29.000000	0.666667	2027583	1565813
15841_2#30	27	12	15	2	818434	0.800000	0.133333	2016245	1238787
17059_6#14	7	0	7	0	816733	0.000000	0.000000	2010834	1238643
16399_7#41	2	0	2	0	401373	0.000000	0.000000	1994650	1597038
12837_2#33	11	0	11	0	775376	0.000000	0.000000	2012730	1281111
17870_7#178	208	194	14	3	679657	13.857142	0.214286	1954585	1340506
13415_8#43	39	14	25	2	750684	0.560000	0.080000	2015942	1307913
19084_7#118	10	0	10	0	741957	0.000000	0.000000	1940123	1260796
17175_4#30	47	22	25	3	375260	0.880000	0.120000	2013773	1653365
17870_7#41	408	367	41	10	444482	8.951220	0.243902	2019154	1666390
17059_6#61	14	0	14	0	373745	0.000000	0.000000	2046990	1684778
18090_1#115	820	785	35	10	640994	22.428572	0.285714	1956544	1446345
15995_2#191	3	0	3	0	399060	0.000000	0.000000	2011032	1626017
21999_8#50	1699	1658	41	19	859481	40.439026	0.463415	1945214	1343388
22027_1#140	3	0	3	0	612228	0.000000	0.000000	1926550	1390390
21999_8#62	459	402	57	3	707805	7.052631	0.052632	2004685	1340441
15841_4#26	1000	708	292	16	542793	2.424658	0.054795	1992728	1541230
14936_6#64	722	685	37	9	417603	18.513514	0.243243	1990669	1602732
14410_8#75	297	259	38	11	754603	6.815790	0.289474	2010082	1333167
21999_7#174	1162	1128	34	12	799494	33.176472	0.352941	1943635	1326755
14673_4#70	832	715	117	12	464781	6.111111	0.102564	1941472	1555080
15873_5#79	0	0	0	0	401373	0.000000	0.000000	1992183	1594658
17138_4#23	23	0	23	0	815396	0.000000	0.000000	2018097	1242225
12299_1#60	370	347	23	12	703748	15.086957	0.521739	1978300	1326679
15841_4#19	31	7	24	1	721890	0.291667	0.041667	2006372	1328132
14566_4#51	0	0	0	0	818374	0.000000	0.000000	2014594	1237724
14566_5#83	10	5	5	1	815474	1.000000	0.200000	2009836	1237450
12299_1#78	231	207	24	10	656932	8.625000	0.416667	1965899	1387459
12837_3#67	21	0	21	0	775468	0.000000	0.000000	2013747	1281783
19084_7#52	222	201	21	6	651697	9.571428	0.285714	1927068	1374806
12837_4#14	218	162	56	5	508543	2.892857	0.089286	2005401	1522939
15731_8#62	13	0	13	0	819747	0.000000	0.000000	1992965	1210850
13414_1#37	588	567	21	7	643922	27.000000	0.333333	1995430	1443044
19341_3#48	664	618	46	8	725636	13.434783	0.173913	1984960	1324901
16453_2#48	618	505	113	18	501148	4.469027	0.159292	1970773	1510765
14913_5#45	146	138	8	3	391265	17.250000	0.375000	2030288	1661864
13415_5#81	49	16	33	1	815393	0.484848	0.030303	2012340	1239890
13353_7#3	80	49	31	3	662074	1.580645	0.096774	1971597	1368490
18456_1#173	34	7	27	1	398395	0.259259	0.037037	2005559	1620096
12291_5#3	214	161	53	5	858189	3.037736	0.094340	2007505	1201467
15995_2#77	32	12	20	1	399252	0.600000	0.050000	1985400	1600303
14936_6#81	76	42	34	2	387013	1.235294	0.058824	1998730	1624492
17794_7#76	0	0	0	0	478828	0.000000	0.000000	2021765	1560863
14673_1#61	363	359	4	8	887640	89.750000	2.000000	1996184	1200015
18456_1#46	1514	1468	46	14	567319	31.913044	0.304348	2021645	1673740
12378_2#14	0	0	0	0	775300	0.000000	0.000000	1951326	1222403
13415_7#39	50	37	13	2	823127	2.846154	0.153846	1988131	1213605
15841_4#45	0	0	0	0	815239	0.000000	0.000000	2023115	1244847
12838_1#66	16	0	16	0	742111	0.000000	0.000000	1941477	1260147
22841_3#161	29	21	8	1	387006	2.625000	0.125000	1972195	1599456
17175_7#59	16	0	16	0	385980	0.000000	0.000000	2024354	1650270
22841_1#21	916	824	92	18	323612	8.956522	0.195652	2027544	1804376
21127_2#70	1384	1352	32	22	737714	42.250000	0.687500	1959617	1331039
15841_3#39	1	0	1	0	818301	0.000000	0.000000	2012220	1236454
17966_5#1	46	27	19	2	373872	1.421053	0.105263	1986390	1626797
19341_2#43	631	596	35	11	469551	17.028572	0.314286	1992793	1620462
15531_2#8	1	0	1	0	460686	0.000000	0.000000	1993114	1553934
15995_1#172	0	0	0	0	821173	0.000000	0.000000	2011665	1233445
19084_7#28	432	383	49	16	790492	7.816327	0.326531	1923059	1267182
15873_1#43	0	0	0	0	373745	0.000000	0.000000	2048186	1686158
14936_6#61	5	0	5	0	474273	0.000000	0.000000	1983181	1527817
22027_1#31	113	100	13	2	582949	7.692307	0.153846	1937830	1425973
14936_5#84	0	0	0	0	775300	0.000000	0.000000	1952313	1223150
17870_7#110	12	0	12	0	646895	0.000000	0.000000	1999433	1384567
13415_4#8	1370	1330	40	15	901742	33.250000	0.375000	1995847	1268775
13710_1#63	1276	1232	44	7	786253	28.000000	0.159091	1957694	1289741
12162_1#91	130	114	16	3	781870	7.125000	0.187500	2014575	1276233
18090_1#97	1031	968	63	22	711906	15.365079	0.349206	1951849	1451702
15841_3#93	0	0	0	0	815308	0.000000	0.000000	2008993	1236448
22841_1#173	47	12	35	1	566627	0.342857	0.028571	1972178	1458024
15841_2#2	2	0	2	0	373921	0.000000	0.000000	2049667	1687273
9789_4#28	0	0	0	0	387081	0.000000	0.000000	1997645	1622574
17059_6#91	49	38	11	1	399060	3.454545	0.090909	2021542	1635535
17175_8#68	33	8	25	1	818424	0.320000	0.040000	2009756	1235184
12837_2#50	29	0	29	0	750345	0.000000	0.000000	2015872	1308048
15995_1#41	24	0	24	0	818470	0.000000	0.000000	1976883	1201108
22027_1#84	22	0	22	0	730549	0.000000	0.000000	1983761	1312579
21127_1#110	191	146	45	4	732905	3.244444	0.088889	1943421	1287657
13710_2#3	612	543	69	16	689787	7.869565	0.231884	1956241	1376165
22841_4#161	19	0	19	0	520731	0.000000	0.000000	1991680	1505522
12837_5#13	434	398	36	5	779312	11.055555	0.138889	1985087	1277577
19084_7#99	590	509	81	7	660968	6.283951	0.086420	2001210	1419587
17175_8#44	24	11	13	2	373936	0.846154	0.153846	2044973	1683429
12837_1#45	16	0	16	0	750338	0.000000	0.000000	2015813	1307147
14412_2#91	275	256	19	3	421075	13.473684	0.157895	2011961	1657432
17150_6#10	119	96	23	2	383322	4.173913	0.086957	2021532	1663938
16399_6#48	0	0	0	0	410986	0.000000	0.000000	1954133	1550395
13091_6#34	8	0	8	0	622565	0.000000	0.000000	1993486	1411961
17150_6#28	19	0	19	0	373745	0.000000	0.000000	2044353	1683020
15277_1#20	113	93	20	3	853617	4.650000	0.150000	2000819	1202696
22841_1#114	21	6	15	1	526208	0.400000	0.066667	1982174	1496574
17150_4#2	8	0	8	0	373745	0.000000	0.000000	2046120	1684149
17966_5#18	7	0	7	0	646895	0.000000	0.000000	1992708	1379893
17059_8#13	2	0	2	0	815542	0.000000	0.000000	2004402	1233799
17794_8#25	2	0	2	0	734245	0.000000	0.000000	1890211	1245352
17175_7#64	121	105	16	1	386954	6.562500	0.062500	2029937	1667897
17150_6#48	22	6	16	1	385980	0.375000	0.062500	2023123	1649410
17138_3#7	23	0	23	0	372606	0.000000	0.000000	2030174	1661225
14520_5#43	1	0	1	0	401373	0.000000	0.000000	1993435	1595875
15841_2#48	2	0	2	0	823199	0.000000	0.000000	1989144	1206639
12378_2#15	11	11	0	1	775300	0.000000	0.000000	1951081	1222522
13710_1#42	127	69	58	4	717925	1.189655	0.068966	1991273	1315672
14673_4#18	39	0	39	0	626926	0.000000	0.000000	1947502	1380366
18456_1#85	0	0	0	0	607121	0.000000	0.000000	1960778	1379383
14913_4#36	28	12	16	1	373745	0.750000	0.062500	2049446	1687340
13414_3#90	24	6	18	1	602738	0.333333	0.055556	2003069	1454836
14673_4#29	116	76	40	2	603476	1.900000	0.050000	2020921	1459341
17059_8#94	130	113	17	1	386954	6.647059	0.058824	2027801	1666476
17150_4#38	30	5	25	1	815468	0.200000	0.040000	2017743	1242297
17175_8#40	2	0	2	0	821188	0.000000	0.000000	2015519	1235564
15841_5#61	11	0	11	0	773723	0.000000	0.000000	2012963	1283522
13415_8#42	21	0	21	0	815542	0.000000	0.000000	2018666	1243854
22114_6#57	16	7	9	1	726584	0.777778	0.111111	1996226	1321360
17966_5#137	2	0	2	0	857065	0.000000	0.000000	1912478	1148147
15841_4#5	3	0	3	0	815355	0.000000	0.000000	2024049	1245251
15841_5#49	20	0	20	0	775309	0.000000	0.000000	2008003	1280643
14566_5#43	11	0	11	0	773723	0.000000	0.000000	2004232	1279810
15841_2#79	5	0	5	0	823207	0.000000	0.000000	1988797	1206596
13415_4#41	0	0	0	0	512511	0.000000	0.000000	1998642	1514818
15873_3#50	2	0	2	0	401373	0.000000	0.000000	1993879	1596311
15378_3#14	1	0	1	0	612477	0.000000	0.000000	1983132	1397144
21999_8#108	82	44	38	5	699613	1.157895	0.131579	1952893	1317228
11658_8#12	20	5	15	1	742473	0.333333	0.066667	1986115	1289609
14410_8#70	0	0	0	0	782170	0.000000	0.000000	1998888	1261330
13414_3#10	56	41	15	3	853565	2.733333	0.200000	1988122	1193267
22841_3#82	103	57	46	4	365445	1.239130	0.086957	1971911	1622811
21127_2#169	45	0	45	0	664182	0.000000	0.000000	1993429	1364269
14566_5#69	86	72	14	1	815553	5.142857	0.071429	2018636	1239973
15873_2#62	2	0	2	0	410986	0.000000	0.000000	1954687	1550825
17966_5#21	712	668	44	10	578580	15.181818	0.227273	1975010	1529238
19084_8#83	19	0	19	0	622492	0.000000	0.000000	1991446	1410038
N5	39	0	39	0	599640	0.000000	0.000000	2012814	1437597
N4	2226	2120	106	26	599640	20.000000	0.245283	2013958	1609000
N3	882	800	82	21	422154	9.756098	0.256098	2030973	1774353
N10	103	73	30	2	607121	2.433333	0.066667	1964125	1419488
N13	0	0	0	0	775300	0.000000	0.000000	1955486	1224929
N12	1673	1619	54	26	775300	29.981482	0.481481	1956757	1381748
N11	74	67	7	4	609100	9.571428	0.571429	1993357	1447123
N9	211	207	4	4	568891	51.750000	1.000000	2000763	1477977
N8	17	4	13	1	542654	0.307692	0.076923	2018651	1494713
N16	0	0	0	0	646895	0.000000	0.000000	2004780	1388498
N23	1	0	1	0	646895	0.000000	0.000000	2013949	1395136
N22	1	0	1	0	646895	0.000000	0.000000	2014495	1395507
N21	1	0	1	0	646895	0.000000	0.000000	2014893	1395734
N20	7	0	7	0	646895	0.000000	0.000000	2015480	1396291
N25	2	0	2	0	646895	0.000000	0.000000	2003240	1387636
N24	5	0	5	0	646895	0.000000	0.000000	2015052	1395919
N19	5	0	5	0	646895	0.000000	0.000000	2017314	1397618
N18	3	0	3	0	646895	0.000000	0.000000	2018535	1398827
N17	1	0	1	0	646895	0.000000	0.000000	2019566	1399552
N15	1392	1328	64	17	646895	20.750000	0.265625	2019796	1498372
N28	0	0	0	0	612477	0.000000	0.000000	1986796	1399555
N27	61	37	24	3	612477	1.541667	0.125000	1988680	1400829
N29	2241	2227	14	19	903557	159.071426	1.357143	1951869	1371096
N26	832	776	56	18	612448	13.857142	0.321429	1996245	1473831
N14	0	0	0	0	542654	0.000000	0.000000	2030591	1505870
N7	2135	1907	228	37	542654	8.364035	0.162281	2042208	1721912
N6	656	587	69	22	332700	8.507246	0.318841	2051499	1791437
N2	1222	1188	34	24	270036	34.941177	0.705882	2084940	2084940
N33	0	0	0	0	410986	0.000000	0.000000	1955396	1551359
N32	2	0	2	0	410986	0.000000	0.000000	1957127	1552923
N34	3	0	3	0	410986	0.000000	0.000000	1956978	1552745
N31	168	155	13	2	410986	11.923077	0.153846	1959721	1578832
N42	0	0	0	0	401373	0.000000	0.000000	1997084	1599282
N41	1	0	1	0	401373	0.000000	0.000000	1997840	1599942
N50	0	0	0	0	401373	0.000000	0.000000	1994421	1596889
N49	0	0	0	0	401373	0.000000	0.000000	1995407	1597796
N48	0	0	0	0	401373	0.000000	0.000000	1996525	1598801
N47	0	0	0	0	401373	0.000000	0.000000	1997454	1599573
N46	0	0	0	0	401373	0.000000	0.000000	1997883	1599994
N45	0	0	0	0	401373	0.000000	0.000000	1998374	1600424
N44	0	0	0	0	401373	0.000000	0.000000	1998570	1600549
N51	2	0	2	0	401373	0.000000	0.000000	1994689	1597081
N43	0	0	0	0	401373	0.000000	0.000000	1998972	1600911
N40	0	0	0	0	401373	0.000000	0.000000	1999949	1601797
N39	0	0	0	0	401373	0.000000	0.000000	2000012	1601857
N52	0	0	0	0	401373	0.000000	0.000000	1996706	1599003
N38	0	0	0	0	401373	0.000000	0.000000	2000591	1602422
N37	0	0	0	0	401373	0.000000	0.000000	2000694	1602521
N36	3	0	3	0	401373	0.000000	0.000000	2000780	1602588
N35	101	87	14	3	401373	6.214286	0.214286	2001810	1619627
N30	2473	2349	124	25	384935	18.943548	0.201613	2005183	2005183
N57	2	0	2	0	369064	0.000000	0.000000	2004246	1641642
N56	1113	1051	62	6	369064	16.951612	0.096774	2010588	1794016
N60	554	479	75	7	387006	6.386667	0.093333	1977681	1627901
N59	589	565	24	11	362396	23.541666	0.458333	1981768	1749321
N63	2677	2567	110	38	661896	23.336363	0.345455	1963392	1624146
N68	62	49	13	2	512511	3.769231	0.153846	2002103	1517377
N67	308	302	6	2	512511	50.333332	0.333333	2004626	1522592
N66	0	0	0	0	508543	0.000000	0.000000	2010961	1528403
N65	1542	1510	32	25	508543	47.187500	0.781250	2013695	1669104
N64	0	0	0	0	368710	0.000000	0.000000	2021476	1675907
N62	77	54	23	7	368710	2.347826	0.304348	2032965	1692878
N74	145	133	12	6	532742	11.083333	0.500000	1959026	1482660
N75	272	262	10	4	544656	26.200001	0.400000	1978251	1511566
N73	922	842	80	16	509115	10.525000	0.200000	1995938	1607839
N72	472	426	46	8	416542	9.260870	0.173913	2002599	1637182
N71	268	235	33	6	387539	7.121212	0.181818	2005656	1664828
N70	0	0	0	0	362838	0.000000	0.000000	2017457	1676558
N76	235	202	33	9	418185	6.121212	0.272727	2016416	1670873
N69	6	0	6	0	362838	0.000000	0.000000	2032317	1685486
N61	712	672	40	11	362838	16.799999	0.275000	2049442	1812816
N58	91	78	13	4	241410	6.000000	0.307692	2051589	1834635
N55	960	919	41	17	219214	22.414635	0.414634	2056972	2032413
N78	2095	2029	66	32	462006	30.742424	0.484848	1998483	1921908
N81	191	146	45	4	472477	3.244444	0.088889	1988497	1540585
N80	1849	1770	79	25	459866	22.405064	0.316456	1993516	1857928
N91	184	152	32	2	398647	4.750000	0.062500	2047930	1686042
N98	5	0	5	0	399060	0.000000	0.000000	2021607	1635845
N99	8	0	8	0	399060	0.000000	0.000000	2019380	1632674
N97	3	0	3	0	399060	0.000000	0.000000	2026036	1639278
N96	0	0	0	0	399060	0.000000	0.000000	2027823	1640627
N100	15	7	8	1	399060	0.875000	0.125000	2018395	1633850
N95	4	0	4	0	399060	0.000000	0.000000	2028181	1640917
N101	3	0	3	0	399060	0.000000	0.000000	2026917	1639961
N94	34	29	5	1	399060	5.800000	0.200000	2030644	1642804
N93	229	214	15	5	399060	14.266666	0.333333	2031637	1668719
N92	0	0	0	0	373836	0.000000	0.000000	2033386	1670409
N90	27	7	20	1	373836	0.350000	0.050000	2055476	1693160
N89	0	0	0	0	372925	0.000000	0.000000	2058286	1695798
N88	1	0	1	0	372925	0.000000	0.000000	2058551	1696002
N87	2	0	2	0	372925	0.000000	0.000000	2058728	1696135
N86	215	192	23	5	372925	8.347826	0.217391	2058898	1707580
N106	4	0	4	0	370092	0.000000	0.000000	2051080	1692344
N109	8	0	8	0	370092	0.000000	0.000000	2028885	1669987
N108	11	8	3	1	370092	2.666667	0.333333	2029558	1670600
N107	43	31	12	1	370092	2.583333	0.083333	2033641	1674170
N105	69	57	12	2	370092	4.750000	0.166667	2058166	1702285
N112	1	0	1	0	366315	0.000000	0.000000	2059932	1705474
N119	9	6	3	1	373921	2.000000	0.333333	2052444	1689648
N118	1	0	1	0	373745	0.000000	0.000000	2053664	1690635
N117	2	0	2	0	373745	0.000000	0.000000	2055271	1692085
N116	5	0	5	0	373745	0.000000	0.000000	2055577	1692318
N115	3	0	3	0	373745	0.000000	0.000000	2055806	1692520
N125	0	0	0	0	373745	0.000000	0.000000	2047554	1685308
N124	1	0	1	0	373745	0.000000	0.000000	2049036	1686578
N126	15	7	8	1	373745	0.875000	0.125000	2054393	1691653
N123	0	0	0	0	373745	0.000000	0.000000	2055878	1692852
N122	6	0	6	0	373745	0.000000	0.000000	2056562	1693395
N129	0	0	0	0	373745	0.000000	0.000000	2046748	1684724
N128	2	0	2	0	373745	0.000000	0.000000	2048979	1686757
N134	5	0	5	0	373745	0.000000	0.000000	2054189	1691444
N133	3	0	3	0	373745	0.000000	0.000000	2054842	1691827
N132	6	0	6	0	373745	0.000000	0.000000	2055401	1692271
N131	1	0	1	0	373745	0.000000	0.000000	2055582	1692403
N130	2	0	2	0	373745	0.000000	0.000000	2055920	1692691
N127	1	0	1	0	373745	0.000000	0.000000	2056378	1693109
N121	0	0	0	0	373745	0.000000	0.000000	2059119	1695665
N139	8	0	8	0	373745	0.000000	0.000000	2049068	1686609
N140	4	0	4	0	373745	0.000000	0.000000	2050170	1687834
N138	7	0	7	0	373745	0.000000	0.000000	2053955	1690917
N137	7	0	7	0	373745	0.000000	0.000000	2054408	1691220
N136	6	0	6	0	373745	0.000000	0.000000	2054624	1691357
N135	2	0	2	0	373745	0.000000	0.000000	2054704	1691429
N120	1	0	1	0	373745	0.000000	0.000000	2059495	1695967
N114	183	155	28	2	373745	5.535714	0.071429	2059810	1702927
N113	37	30	7	1	367051	4.285714	0.142857	2062032	1705882
N111	8	0	8	0	366315	0.000000	0.000000	2075452	1719298
N110	4	0	4	0	366315	0.000000	0.000000	2081599	1725439
N104	57	49	8	3	366315	6.125000	0.375000	2081988	1730667
N103	3	0	3	0	361322	0.000000	0.000000	2082329	1731007
N144	29	19	10	2	373872	1.900000	0.200000	2004904	1644832
N147	128	103	25	3	398395	4.120000	0.120000	2007240	1633819
N155	120	107	13	3	385991	8.230769	0.230769	2022490	1650155
N154	60	57	3	1	385980	19.000000	0.333333	2034362	1659700
N153	3	0	3	0	385980	0.000000	0.000000	2035660	1660877
N152	5	5	0	1	385980	0.000000	0.000000	2049736	1674698
N151	0	0	0	0	385980	0.000000	0.000000	2052000	1676708
N150	1	0	1	0	385980	0.000000	0.000000	2052238	1676931
N149	9	0	9	0	385980	0.000000	0.000000	2068027	1684348
N156	125	95	30	4	385980	3.166667	0.133333	1992710	1619842
N148	3	0	3	0	385980	0.000000	0.000000	2068866	1685009
N146	62	45	17	3	385980	2.647059	0.176471	2070907	1687042
N159	641	608	33	11	460686	18.424242	0.333333	1994876	1616973
N158	34	29	5	1	392364	5.800000	0.200000	2006526	1631813
N164	157	143	14	6	484931	10.214286	0.428571	2026417	1569466
N166	2	0	2	0	474273	0.000000	0.000000	1999310	1540497
N165	3	0	3	0	474273	0.000000	0.000000	2030498	1571084
N163	115	72	43	5	474273	1.674419	0.116279	2037574	1577878
N168	158	141	17	2	478828	8.294118	0.117647	2022519	1562428
N167	206	187	19	4	477795	9.842105	0.210526	2032442	1573224
N162	649	647	2	5	474273	323.500000	2.500000	2038821	1647436
N170	56	19	37	1	402967	0.513514	0.027027	1996953	1608111
N169	13	7	6	1	402967	1.166667	0.166667	2003870	1613495
N161	432	408	24	9	402967	17.000000	0.375000	2046498	1671418
N177	3	0	3	0	385980	0.000000	0.000000	2031732	1656559
N176	1	0	1	0	385980	0.000000	0.000000	2032523	1657235
N175	8	0	8	0	385980	0.000000	0.000000	2032883	1657547
N183	1	0	1	0	385980	0.000000	0.000000	2023255	1649943
N182	1	0	1	0	385980	0.000000	0.000000	2024254	1650760
N181	0	0	0	0	385980	0.000000	0.000000	2028082	1653873
N180	0	0	0	0	385980	0.000000	0.000000	2029514	1655044
N179	14	0	14	0	385980	0.000000	0.000000	2030173	1655498
N178	0	0	0	0	385980	0.000000	0.000000	2034503	1659593
N174	157	136	21	2	385980	6.476191	0.095238	2037046	1661432
N184	0	0	0	0	385980	0.000000	0.000000	2029429	1654894
N173	0	0	0	0	385980	0.000000	0.000000	2038831	1663109
N185	109	95	14	2	387081	6.785714	0.142857	1999341	1625076
N172	1	0	1	0	385980	0.000000	0.000000	2039283	1663475
N171	25	21	4	2	385980	5.250000	0.500000	2039376	1663568
N160	4	0	4	0	385980	0.000000	0.000000	2049259	1673101
N157	14	5	9	1	385980	0.555556	0.111111	2053442	1677246
N145	27	24	3	1	385980	8.000000	0.333333	2082408	1711276
N143	36	33	3	1	372771	11.000000	0.333333	2082421	1711289
N142	36	24	12	3	372771	2.000000	0.250000	2097874	1726754
N189	563	534	29	7	447901	18.413794	0.241379	1994269	1630986
N188	37	36	1	3	375189	36.000000	3.000000	2001754	1638731
N187	21	11	10	1	374207	1.100000	0.100000	2025226	1663406
N186	10	8	2	1	372747	4.000000	0.500000	2026072	1664124
N141	103	89	14	2	372747	6.357143	0.142857	2099029	1739283
N102	62	40	22	1	361322	1.818182	0.045455	2102922	1743111
N85	1793	1651	142	26	361322	11.626760	0.183099	2103631	1908197
N84	0	0	0	0	195657	0.000000	0.000000	2106181	1910696
N192	1960	1884	76	20	520731	24.789474	0.263158	1994143	1778315
N191	0	0	0	0	224337	0.000000	0.000000	2049718	1825689
N190	90	70	20	3	224337	3.500000	0.150000	2052065	1856676
N83	55	28	27	3	195657	1.037037	0.111111	2106722	1911205
N196	999	911	88	11	372606	10.352273	0.125000	2034186	1776843
N195	144	132	12	9	260376	11.000000	0.750000	2126704	1880637
N194	559	537	22	10	246368	24.409090	0.454545	2126791	1931385
N193	0	0	0	0	195657	0.000000	0.000000	2126849	1931441
N82	310	251	59	9	195657	4.254237	0.152542	2127702	1991817
N79	537	517	20	12	135975	25.850000	0.600000	2127742	2050811
N77	204	176	28	8	76996	6.285714	0.285714	2127782	2102977
N54	63	32	31	4	24811	1.032258	0.129032	2127983	2107762
N200	3955	3809	146	46	734323	26.089041	0.315068	1908855	1606257
N201	962	926	36	20	487287	25.722221	0.555556	2023844	1686456
N199	606	554	52	14	349865	10.653846	0.269231	2043608	1817104
N198	254	210	44	9	232613	4.772727	0.204545	2060106	1882625
N208	62	40	22	1	853587	1.818182	0.045455	2000113	1202740
N207	106	78	28	4	853613	2.785714	0.142857	2005810	1207857
N206	2173	2047	126	28	852549	16.246031	0.222222	2020337	1503920
N210	209	123	86	8	622586	1.430233	0.093023	1999574	1441338
N211	149	136	13	3	623333	10.461538	0.230769	2021019	1460947
N209	376	335	41	9	597151	8.170732	0.219512	2024919	1501458
N205	1955	1892	63	31	560278	30.031746	0.492063	2038947	1745111
N214	978	873	105	14	730550	8.314285	0.133333	1990868	1386936
N215	911	823	88	15	724686	9.352273	0.170455	1967572	1361110
N213	1862	1832	30	27	656349	61.066666	0.900000	2005137	1699503
N222	1	0	1	0	602749	0.000000	0.000000	2036066	1465378
N221	0	0	0	0	602749	0.000000	0.000000	2038044	1466916
N220	0	0	0	0	602749	0.000000	0.000000	2038835	1467515
N223	9	0	9	0	602747	0.000000	0.000000	2005521	1456444
N219	0	0	0	0	602749	0.000000	0.000000	2039922	1468264
N218	17	16	1	1	602753	16.000000	1.000000	2043883	1468965
N217	2081	1940	141	31	602780	13.758865	0.219858	2043957	1678836
N228	1182	1164	18	12	754994	64.666664	0.666667	1983502	1410674
N235	5	0	5	0	663748	0.000000	0.000000	1996936	1367864
N234	0	0	0	0	663748	0.000000	0.000000	1999644	1369812
N237	0	0	0	0	664182	0.000000	0.000000	1997065	1367272
N236	13	7	6	1	664188	1.166667	0.166667	2003002	1371499
N233	13	8	5	1	663753	1.600000	0.200000	2005421	1373466
N232	141	124	17	4	663770	7.294117	0.235294	2008648	1400432
N231	185	173	12	2	638488	14.416667	0.166667	2024835	1432704
N240	54	38	16	2	693959	2.375000	0.125000	2006308	1335256
N241	12	5	7	1	694061	0.714286	0.142857	2011112	1347945
N239	3	0	3	0	694074	0.000000	0.000000	2047584	1370669
N238	651	619	32	9	694075	19.343750	0.281250	2052176	1446788
N230	24	20	4	1	621271	5.000000	0.250000	2074625	1467141
N245	60	41	19	1	691102	2.157895	0.052632	2010360	1355856
N244	0	0	0	0	682833	0.000000	0.000000	2015991	1360130
N243	12	12	0	1	682963	0.000000	0.000000	2021668	1378265
N242	805	768	37	10	669494	20.756756	0.270270	2042489	1435784
N229	77	63	14	5	618198	4.500000	0.357143	2089458	1483823
N227	69	39	30	3	609965	1.300000	0.100000	2090880	1493439
N226	1078	1003	75	16	601157	13.373333	0.213333	2090994	1605585
N249	5	0	5	0	641138	0.000000	0.000000	1974190	1366046
N248	637	572	65	12	641203	8.800000	0.184615	1976168	1475521
N251	935	891	44	15	626975	20.250000	0.340909	1970081	1472416
N256	4	0	4	0	697030	0.000000	0.000000	1993721	1346299
N258	35	5	30	1	696881	0.166667	0.033333	1959403	1320817
N257	11	0	11	0	696892	0.000000	0.000000	1961132	1321690
N255	2	0	2	0	697030	0.000000	0.000000	2001227	1350251
N254	41	16	25	2	697288	0.640000	0.080000	2032674	1367808
N261	0	0	0	0	742111	0.000000	0.000000	1973632	1281621
N262	3	0	3	0	742174	0.000000	0.000000	1944844	1263924
N260	3	0	3	0	742228	0.000000	0.000000	1974684	1282276
N259	393	350	43	7	742486	8.139535	0.162791	2003710	1343693
N253	15	5	10	1	697407	0.500000	0.100000	2048495	1374933
N265	0	0	0	0	717924	0.000000	0.000000	2005552	1319418
N267	211	201	10	3	746715	20.100000	0.300000	1975441	1318813
N266	31	27	4	1	717471	6.750000	0.250000	1999831	1334500
N264	45	33	12	1	717924	2.750000	0.083333	2053333	1380807
N263	1	0	1	0	697369	0.000000	0.000000	2057733	1382770
N252	1752	1627	125	21	697409	13.016000	0.168000	2065560	1549437
N250	20	9	11	1	532321	0.818182	0.090909	2068009	1550727
N247	236	206	30	3	532321	6.866667	0.100000	2068441	1583327
N272	0	0	0	0	596825	0.000000	0.000000	1996812	1427817
N273	295	286	9	9	624387	31.777779	1.000000	1980318	1423328
N271	1	0	1	0	596896	0.000000	0.000000	2005865	1434010
N276	3	0	3	0	653710	0.000000	0.000000	1972991	1369382
N275	6	0	6	0	653710	0.000000	0.000000	1975140	1370946
N278	20	16	4	2	653761	4.000000	0.500000	1971522	1368099
N277	2	0	2	0	653761	0.000000	0.000000	2004206	1395089
N274	428	413	15	10	653761	27.533333	0.666667	2007600	1452328
N270	0	0	0	0	596902	0.000000	0.000000	2038601	1466142
N269	2	0	2	0	596902	0.000000	0.000000	2038886	1466415
N268	1326	1152	174	14	596922	6.620690	0.080460	2042467	1558790
N246	165	120	45	5	499924	2.666667	0.111111	2085078	1600100
N225	817	706	111	17	489313	6.360360	0.153153	2115268	1729538
N288	9	6	3	1	819749	2.000000	0.333333	1995177	1213273
N287	41	23	18	2	818554	1.277778	0.111111	1995553	1216577
N294	0	0	0	0	815377	0.000000	0.000000	2010831	1237412
N293	78	45	33	1	815380	1.363636	0.030303	2018967	1240042
N292	3	0	3	0	815401	0.000000	0.000000	2029582	1247562
N302	56	51	5	1	815564	10.200000	0.200000	2021385	1241848
N303	47	16	31	1	815547	0.516129	0.032258	2007356	1235485
N301	7	7	0	1	815581	0.000000	0.000000	2028828	1246688
N304	7	0	7	0	815546	0.000000	0.000000	2017996	1242813
N300	1	0	1	0	815581	0.000000	0.000000	2030993	1247707
N299	2	0	2	0	815581	0.000000	0.000000	2032213	1248453
N298	2	0	2	0	815581	0.000000	0.000000	2033875	1249478
N307	20	13	7	2	823212	1.857143	0.285714	1992106	1208630
N306	235	218	17	2	823218	12.823529	0.117647	2023402	1246962
N310	39	33	6	3	816914	5.500000	0.500000	2040083	1255284
N309	72	7	65	1	815661	0.107692	0.015385	2041626	1256417
N308	1	0	1	0	815661	0.000000	0.000000	2050815	1261891
N305	2	0	2	0	815664	0.000000	0.000000	2052733	1263434
N297	26	23	3	1	815670	7.666667	0.333333	2056589	1264067
N315	0	0	0	0	818460	0.000000	0.000000	2020177	1240850
N316	16	0	16	0	818406	0.000000	0.000000	2016886	1239225
N314	0	0	0	0	818461	0.000000	0.000000	2022386	1242281
N313	12	6	6	1	818464	1.000000	0.166667	2023156	1242534
N317	2	0	2	0	818454	0.000000	0.000000	2020370	1241580
N312	10	6	4	1	818473	1.500000	0.250000	2025432	1244225
N311	39	38	1	2	818473	38.000000	2.000000	2026198	1247747
N296	75	70	5	3	815679	14.000000	0.600000	2057185	1264580
N295	0	0	0	0	815510	0.000000	0.000000	2057324	1264607
N291	1	0	1	0	815510	0.000000	0.000000	2058311	1264775
N290	11	5	6	1	815510	0.833333	0.166667	2058451	1264874
N320	197	164	33	2	821218	4.969697	0.060606	2023472	1245635
N319	0	0	0	0	815422	0.000000	0.000000	2030868	1250393
N318	1	0	1	0	815422	0.000000	0.000000	2031859	1250944
N289	0	0	0	0	815515	0.000000	0.000000	2058725	1264960
N286	1	0	1	0	815515	0.000000	0.000000	2058832	1265041
N285	1	0	1	0	815515	0.000000	0.000000	2058900	1265072
N323	4	0	4	0	815401	0.000000	0.000000	2029079	1248243
N324	15	0	15	0	815403	0.000000	0.000000	2022009	1244533
N322	19	0	19	0	815423	0.000000	0.000000	2031440	1249898
N326	27	0	27	0	815358	0.000000	0.000000	2026934	1246915
N325	4	0	4	0	815395	0.000000	0.000000	2027723	1247449
N321	14	11	3	1	815428	3.666667	0.333333	2034611	1251739
N284	1258	1130	128	13	815517	8.828125	0.101562	2059627	1312079
N283	381	374	7	6	768886	53.428570	0.857143	2065756	1363895
N333	0	0	0	0	780405	0.000000	0.000000	2023211	1280857
N332	326	319	7	4	780407	45.571430	0.571429	2030282	1292798
N346	7	0	7	0	775426	0.000000	0.000000	2020051	1284983
N345	4	0	4	0	775522	0.000000	0.000000	2023956	1286214
N344	0	0	0	0	775565	0.000000	0.000000	2024515	1286472
N343	0	0	0	0	775566	0.000000	0.000000	2025364	1287151
N342	0	0	0	0	775566	0.000000	0.000000	2025728	1287353
N341	0	0	0	0	775566	0.000000	0.000000	2026428	1287782
N340	13	7	6	1	775572	1.166667	0.166667	2026482	1287798
N351	1	0	1	0	782249	0.000000	0.000000	2001736	1262915
N350	0	0	0	0	782256	0.000000	0.000000	2003175	1263580
N349	0	0	0	0	782256	0.000000	0.000000	2003589	1263774
N353	0	0	0	0	782258	0.000000	0.000000	2015282	1271974
N352	0	0	0	0	782261	0.000000	0.000000	2016241	1272460
N348	262	228	34	2	782297	6.705883	0.058824	2017630	1280112
N354	3	0	3	0	775469	0.000000	0.000000	2017101	1283667
N347	5	0	5	0	775480	0.000000	0.000000	2030748	1292361
N339	1	0	1	0	775637	0.000000	0.000000	2037746	1295254
N338	2	0	2	0	775637	0.000000	0.000000	2037901	1295330
N355	0	0	0	0	775487	0.000000	0.000000	2016456	1283361
N337	114	105	9	3	775639	11.666667	0.333333	2038008	1298257
N336	0	0	0	0	772785	0.000000	0.000000	2041168	1300441
N335	0	0	0	0	772785	0.000000	0.000000	2042795	1302051
N334	11	7	4	1	772816	1.750000	0.250000	2043075	1302196
N331	10	0	10	0	772839	0.000000	0.000000	2049509	1305162
N330	0	0	0	0	772839	0.000000	0.000000	2049616	1305249
N329	0	0	0	0	772840	0.000000	0.000000	2058189	1311743
N328	446	419	27	5	772841	15.518518	0.185185	2058293	1362888
N363	2	0	2	0	750348	0.000000	0.000000	2017425	1308998
N362	0	0	0	0	750388	0.000000	0.000000	2020871	1310592
N361	1	0	1	0	750388	0.000000	0.000000	2022579	1311240
N360	5	0	5	0	750389	0.000000	0.000000	2022850	1311398
N359	3	0	3	0	750389	0.000000	0.000000	2025210	1313156
N369	415	384	31	4	760691	12.387096	0.129032	2018935	1309602
N370	2	0	2	0	750410	0.000000	0.000000	2019954	1310331
N368	3	0	3	0	750411	0.000000	0.000000	2024102	1311824
N367	0	0	0	0	750411	0.000000	0.000000	2024590	1312123
N366	4	0	4	0	750411	0.000000	0.000000	2025445	1312519
N365	1	0	1	0	750470	0.000000	0.000000	2025839	1312643
N364	6	0	6	0	750474	0.000000	0.000000	2026041	1312702
N358	315	294	21	4	750488	14.000000	0.190476	2029391	1342856
N375	2	0	2	0	773727	0.000000	0.000000	2018631	1289213
N378	3	0	3	0	773724	0.000000	0.000000	2012114	1283215
N377	4	0	4	0	773724	0.000000	0.000000	2014437	1284447
N376	0	0	0	0	773724	0.000000	0.000000	2017092	1285771
N374	5	0	5	0	773727	0.000000	0.000000	2026321	1291915
N373	1733	1684	49	9	773728	34.367348	0.183673	2029595	1344790
N379	18	7	11	1	721679	0.636364	0.090909	2009950	1329940
N372	4	0	4	0	721825	0.000000	0.000000	2038469	1348061
N371	8	0	8	0	721826	0.000000	0.000000	2039422	1348658
N357	18	5	13	1	721828	0.384615	0.076923	2043664	1350083
N356	3	0	3	0	721828	0.000000	0.000000	2043680	1350096
N327	27	15	12	2	721828	1.250000	0.166667	2065450	1365539
N282	24	14	10	2	721828	1.400000	0.200000	2080673	1372753
N384	3	0	3	0	764716	0.000000	0.000000	1994320	1282620
N385	5	0	5	0	764631	0.000000	0.000000	1994483	1283028
N383	655	618	37	7	764733	16.702703	0.189189	1998392	1300522
N382	3	0	3	0	749095	0.000000	0.000000	2022587	1313068
N381	288	270	18	9	749095	15.000000	0.500000	2023889	1341459
N380	2	0	2	0	721696	0.000000	0.000000	2029228	1345643
N281	446	408	38	11	721828	10.736842	0.289474	2081544	1407100
N280	404	376	28	9	688101	13.428572	0.321429	2085266	1432374
N387	6	0	6	0	726584	0.000000	0.000000	1999605	1323341
N386	1071	1015	56	12	726633	18.125000	0.214286	2005293	1384225
N279	2956	2783	173	47	666480	16.086704	0.271676	2085810	1708971
N224	171	103	68	7	386759	1.514706	0.102941	2119581	1741925
N216	374	325	49	11	378263	6.632653	0.224490	2119837	1787191
N212	140	106	34	8	332856	3.117647	0.235294	2119923	1801661
N204	432	407	25	6	318438	16.280001	0.240000	2121026	1871319
N203	238	146	92	10	249865	1.586957	0.108696	2121033	1906190
N395	0	0	0	0	665524	0.000000	0.000000	1979669	1376774
N394	5	0	5	0	665606	0.000000	0.000000	1982928	1378743
N393	1514	1407	107	28	665618	13.149532	0.261682	1985892	1494587
N396	70	54	16	6	548588	3.375000	0.375000	2038540	1536038
N392	852	825	27	11	547777	30.555555	0.407407	2044893	1633965
N391	0	0	0	0	439498	0.000000	0.000000	2069153	1646930
N390	806	705	101	16	439517	6.980198	0.158416	2088512	1779355
N403	0	0	0	0	549956	0.000000	0.000000	1963367	1461823
N402	1	0	1	0	549956	0.000000	0.000000	1963779	1462156
N401	7	0	7	0	549957	0.000000	0.000000	1964637	1462747
N400	5	0	5	0	549964	0.000000	0.000000	1965071	1463105
N399	1	0	1	0	549968	0.000000	0.000000	1971559	1465867
N398	1871	1774	97	16	550058	18.288660	0.164948	1971786	1667908
N397	85	71	14	7	337972	5.071429	0.500000	2007588	1717924
N389	638	601	37	14	317129	16.243244	0.378378	2095362	1859699
N405	1068	1018	50	13	417855	20.360001	0.260000	1965505	1707043
N410	34	27	7	1	857256	3.857143	0.142857	1935581	1160239
N409	54	43	11	2	856256	3.909091	0.181818	1970629	1182434
N408	2681	2532	149	36	856344	16.993288	0.241611	2048011	1524214
N407	836	786	50	12	551556	15.720000	0.240000	2053250	1621429
N414	0	0	0	0	720495	0.000000	0.000000	1953410	1294067
N413	2	0	2	0	720560	0.000000	0.000000	1957768	1296929
N412	2783	2684	99	34	720613	27.111111	0.343434	1960689	1543841
N419	761	706	55	13	617107	12.836364	0.236364	1940722	1429218
N420	579	548	31	16	603996	17.677420	0.516129	1985110	1470392
N418	21	20	1	3	565865	20.000000	3.000000	1993430	1475923
N422	0	0	0	0	565756	0.000000	0.000000	2008070	1477136
N429	0	0	0	0	574894	0.000000	0.000000	1978854	1457425
N428	38	26	12	2	574906	2.166667	0.166667	1980786	1459286
N427	23	19	4	1	574272	4.750000	0.250000	1984573	1462254
N426	0	0	0	0	574116	0.000000	0.000000	1986676	1463260
N425	254	249	5	5	574202	49.799999	1.000000	1993174	1476381
N424	7	0	7	0	566719	0.000000	0.000000	1999637	1481572
N431	2	0	2	0	566629	0.000000	0.000000	1985968	1469335
N434	52	43	9	2	566831	4.777778	0.222222	1950633	1435558
N439	83	78	5	4	612231	15.600000	0.800000	1931796	1404156
N440	6	0	6	0	601773	0.000000	0.000000	1934819	1405644
N438	121	108	13	1	601776	8.307693	0.076923	1938238	1427279
N437	25	8	17	1	582399	0.470588	0.058824	1975373	1463700
N436	1	0	1	0	582400	0.000000	0.000000	1992566	1464476
N446	1	0	1	0	582391	0.000000	0.000000	1936496	1427519
N449	9	0	9	0	582394	0.000000	0.000000	1937715	1427991
N448	1	0	1	0	582395	0.000000	0.000000	1947229	1432648
N447	0	0	0	0	582395	0.000000	0.000000	1968618	1436856
N445	4	0	4	0	582400	0.000000	0.000000	1969861	1437796
N444	0	0	0	0	582400	0.000000	0.000000	1970403	1438244
N451	11	6	5	1	582394	1.200000	0.200000	1940092	1429524
N450	6	0	6	0	582398	0.000000	0.000000	1941394	1430443
N443	0	0	0	0	582400	0.000000	0.000000	1973168	1440230
N442	0	0	0	0	582400	0.000000	0.000000	1974280	1441067
N441	0	0	0	0	582400	0.000000	0.000000	1974813	1441497
N435	157	145	12	3	582402	12.083333	0.250000	2006223	1481928
N433	6	0	6	0	566635	0.000000	0.000000	2006334	1482020
N432	0	0	0	0	566635	0.000000	0.000000	2006378	1482058
N430	28	21	7	1	566636	3.000000	0.142857	2006883	1482412
N423	89	75	14	3	566719	5.357143	0.214286	2011200	1487241
N421	126	76	50	7	565956	1.520000	0.140000	2030248	1494784
N417	0	0	0	0	565872	0.000000	0.000000	2032434	1495872
N416	429	408	21	10	565872	19.428572	0.476190	2032998	1516795
N415	611	535	76	13	543659	7.039474	0.171053	2034808	1591543
N411	242	183	59	12	462960	3.101695	0.203390	2044216	1607893
N406	1567	1482	85	27	455311	17.435293	0.317647	2082864	1802508
N404	340	306	34	4	288911	9.000000	0.117647	2093284	1857278
N388	139	83	56	5	239767	1.482143	0.089286	2103960	1891605
N202	182	126	56	7	214993	2.250000	0.125000	2123060	1939900
N197	843	746	97	13	183189	7.690722	0.134021	2123163	2102935
N53	130	90	40	9	20219	2.250000	0.225000	2129191	2129191
N1	0	0	0	0	0	0.000000	0.000000	2129282	2129282
